691511.2314, 5147378.6414
691511.3835, 5147379.3921
691511.4052, 5147380.1850
691511.4052, 5147380.1850
691511.4039, 5147380.9850
691511.3945, 5147381.7850
691511.3692, 5147382.5850
691511.3199, 5147383.3850
691511.2385, 5147384.1850
691511.1172, 5147384.9850
691510.9479, 5147385.7850
691510.7225, 5147386.5850
691510.4332, 5147387.3850
691510.0719, 5147388.1850
691510.0719, 5147388.1850
691509.6345, 5147388.9823
691509.1332, 5147389.7637
691508.5839, 5147390.5130
691508.0025, 5147391.2143
691507.4052, 5147391.8517
691506.8079, 5147392.4090
691506.2265, 5147392.8703
691505.6772, 5147393.2197
691505.1759, 5147393.4410
691504.7385, 5147393.5183
691504.7385, 5147393.5183
691504.3772, 5147393.4410
691504.0879, 5147393.2197
691503.8625, 5147392.8703
691503.6932, 5147392.4090
691503.5719, 5147391.8517
691503.4905, 5147391.2143
691503.4412, 5147390.5130
691503.4159, 5147389.7637
691503.4065, 5147388.9823
691503.4052, 5147388.1850
691503.4052, 5147388.1850
691503.4052, 5147387.3850
691503.4052, 5147386.5850
691503.4052, 5147385.7850
691503.4052, 5147384.9850
691503.4052, 5147384.1850
691503.4052, 5147383.3850
691503.4052, 5147382.5850
691503.4052, 5147381.7850
691503.4052, 5147380.9850
691503.4052, 5147380.1850
691503.4052, 5147380.1850
691503.4052, 5147379.3850
691503.4052, 5147378.5850
691503.4052, 5147377.7850
691503.4052, 5147376.9850
691503.4052, 5147376.1850
691503.4052, 5147375.3850
691503.4052, 5147374.5850
691503.4052, 5147373.7850
691503.4052, 5147372.9850
691503.4052, 5147372.1850
691503.4052, 5147372.1850
691503.4039, 5147371.3850
691503.3945, 5147370.5850
691503.3692, 5147369.7850
691503.3199, 5147368.9850
691503.2385, 5147368.1850
691503.1172, 5147367.3850
691502.9479, 5147366.5850
691502.7225, 5147365.7850
691502.4332, 5147364.9850
691502.0719, 5147364.1850
691502.0719, 5147364.1850
691501.6345, 5147363.3877
691501.1332, 5147362.6063
691500.5839, 5147361.8570
691500.0025, 5147361.1557
691499.4052, 5147360.5183
691498.8079, 5147359.9610
691498.2265, 5147359.4997
691497.6772, 5147359.1503
691497.1759, 5147358.9290
691496.7385, 5147358.8517
691496.7385, 5147358.8517
691496.3772, 5147358.9290
691496.0879, 5147359.1503
691495.8625, 5147359.4997
691495.6932, 5147359.9610
691495.5719, 5147360.5183
691495.4905, 5147361.1557
691495.4412, 5147361.8570
691495.4159, 5147362.6063
691495.4065, 5147363.3877
691495.4052, 5147364.1850
691495.4052, 5147364.1850
691495.4052, 5147364.9850
691495.4052, 5147365.7850
691495.4052, 5147366.5850
691495.4052, 5147367.3850
691495.4052, 5147368.1850
691495.4052, 5147368.9850
691495.4052, 5147369.7850
691495.4052, 5147370.5850
691495.4052, 5147371.3850
691495.4052, 5147372.1850
691495.4052, 5147372.1850
691495.4052, 5147372.9850
691495.4052, 5147373.7850
691495.4052, 5147374.5850
691495.4052, 5147375.3850
691495.4052, 5147376.1850
691495.4052, 5147376.9850
691495.4052, 5147377.7850
691495.4052, 5147378.5850
691495.4052, 5147379.3850
691495.4052, 5147380.1850
691495.4052, 5147380.1850
691495.4052, 5147380.9850
691495.4052, 5147381.7850
691495.4052, 5147382.5850
691495.4052, 5147383.3850
691495.4052, 5147384.1850
691495.4052, 5147384.9850
691495.4052, 5147385.7850
691495.4052, 5147386.5850
691495.4052, 5147387.3850
691495.4052, 5147388.1850
691495.4052, 5147388.1850
691495.4039, 5147388.9850
691495.3945, 5147389.7850
691495.3692, 5147390.5850
691495.3199, 5147391.3850
691495.2385, 5147392.1850
691495.1172, 5147392.9850
691494.9479, 5147393.7850
691494.7225, 5147394.5850
691494.4332, 5147395.3850
691494.0719, 5147396.1850
691494.0719, 5147396.1850
691493.6345, 5147396.9823
691493.1332, 5147397.7637
691492.5839, 5147398.5130
691492.0025, 5147399.2143
691491.4052, 5147399.8517
691490.8079, 5147400.4090
691490.2265, 5147400.8703
691489.6772, 5147401.2197
691489.1759, 5147401.4410
691488.7385, 5147401.5183
691488.7385, 5147401.5183
691488.3772, 5147401.4410
691488.0879, 5147401.2197
691487.8625, 5147400.8703
691487.6932, 5147400.4090
691487.5719, 5147399.8517
691487.4905, 5147399.2143
691487.4412, 5147398.5130
691487.4159, 5147397.7637
691487.4065, 5147396.9823
691487.4052, 5147396.1850
691487.4052, 5147396.1850
691487.4052, 5147395.3850
691487.4052, 5147394.5850
691487.4052, 5147393.7850
691487.4052, 5147392.9850
691487.4052, 5147392.1850
691487.4052, 5147391.3850
691487.4052, 5147390.5850
691487.4052, 5147389.7850
691487.4052, 5147388.9850
691487.4052, 5147388.1850
691487.4052, 5147388.1850
691487.4052, 5147387.3850
691487.4052, 5147386.5850
691487.4052, 5147385.7850
691487.4052, 5147384.9850
691487.4052, 5147384.1850
691487.4052, 5147383.3850
691487.4052, 5147382.5850
691487.4052, 5147381.7850
691487.4052, 5147380.9850
691487.4052, 5147380.1850
691487.4052, 5147380.1850
691487.4052, 5147379.3850
691487.4052, 5147378.5850
691487.4052, 5147377.7850
691487.4052, 5147376.9850
691487.4052, 5147376.1850
691487.4052, 5147375.3850
691487.4052, 5147374.5850
691487.4052, 5147373.7850
691487.4052, 5147372.9850
691487.4052, 5147372.1850
691487.4052, 5147372.1850
691487.4052, 5147371.3850
691487.4052, 5147370.5850
691487.4052, 5147369.7850
691487.4052, 5147368.9850
691487.4052, 5147368.1850
691487.4052, 5147367.3850
691487.4052, 5147366.5850
691487.4052, 5147365.7850
691487.4052, 5147364.9850
691487.4052, 5147364.1850
691487.4052, 5147364.1850
691487.4039, 5147363.3863
691487.3945, 5147362.5957
691487.3692, 5147361.8210
691487.3199, 5147361.0703
691487.2385, 5147360.3517
691487.1172, 5147359.6730
691486.9479, 5147359.0423
691486.7225, 5147358.4677
691486.4332, 5147357.9570
691486.0719, 5147357.5183
691486.0719, 5147357.5183
691485.6345, 5147357.1583
691485.1332, 5147356.8783
691484.5839, 5147356.6783
691484.0025, 5147356.5583
691483.4052, 5147356.5183
691482.8079, 5147356.5583
691482.2265, 5147356.6783
691481.6772, 5147356.8783
691481.1759, 5147357.1583
691480.7385, 5147357.5183
691480.7385, 5147357.5183
691480.3772, 5147357.9570
691480.0879, 5147358.4677
691479.8625, 5147359.0423
691479.6932, 5147359.6730
691479.5719, 5147360.3517
691479.4905, 5147361.0703
691479.4412, 5147361.8210
691479.4159, 5147362.5957
691479.4065, 5147363.3863
691479.4052, 5147364.1850
691479.4052, 5147364.1850
691479.4052, 5147364.9850
691479.4052, 5147365.7850
691479.4052, 5147366.5850
691479.4052, 5147367.3850
691479.4052, 5147368.1850
691479.4052, 5147368.9850
691479.4052, 5147369.7850
691479.4052, 5147370.5850
691479.4052, 5147371.3850
691479.4052, 5147372.1850
691479.4052, 5147372.1850
691479.4052, 5147372.9850
691479.4052, 5147373.7850
691479.4052, 5147374.5850
691479.4052, 5147375.3850
691479.4052, 5147376.1850
691479.4052, 5147376.9850
691479.4052, 5147377.7850
691479.4052, 5147378.5850
691479.4052, 5147379.3850
691479.4052, 5147380.1850
691479.4052, 5147380.1850
691479.4052, 5147380.9850
691479.4052, 5147381.7850
691479.4052, 5147382.5850
691479.4052, 5147383.3850
691479.4052, 5147384.1850
691479.4052, 5147384.9850
691479.4052, 5147385.7850
691479.4052, 5147386.5850
691479.4052, 5147387.3850
691479.4052, 5147388.1850
691479.4052, 5147388.1850
691479.4052, 5147388.9850
691479.4052, 5147389.7850
691479.4052, 5147390.5850
691479.4052, 5147391.3850
691479.4052, 5147392.1850
691479.4052, 5147392.9850
691479.4052, 5147393.7850
691479.4052, 5147394.5850
691479.4052, 5147395.3850
691479.4052, 5147396.1850
691479.4052, 5147396.1850
691479.4039, 5147396.9850
691479.3945, 5147397.7850
691479.3692, 5147398.5850
691479.3199, 5147399.3850
691479.2385, 5147400.1850
691479.1172, 5147400.9850
691478.9479, 5147401.7850
691478.7225, 5147402.5850
691478.4332, 5147403.3850
691478.0719, 5147404.1850
691478.0719, 5147404.1850
691477.6345, 5147404.9823
691477.1332, 5147405.7637
691476.5839, 5147406.5130
691476.0025, 5147407.2143
691475.4052, 5147407.8517
691474.8079, 5147408.4090
691474.2265, 5147408.8703
691473.6772, 5147409.2197
691473.1759, 5147409.4410
691472.7385, 5147409.5183
691472.7385, 5147409.5183
691472.3772, 5147409.4410
691472.0879, 5147409.2197
691471.8625, 5147408.8703
691471.6932, 5147408.4090
691471.5719, 5147407.8517
691471.4905, 5147407.2143
691471.4412, 5147406.5130
691471.4159, 5147405.7637
691471.4065, 5147404.9823
691471.4052, 5147404.1850
691471.4052, 5147404.1850
691471.4052, 5147403.3850
691471.4052, 5147402.5850
691471.4052, 5147401.7850
691471.4052, 5147400.9850
691471.4052, 5147400.1850
691471.4052, 5147399.3850
691471.4052, 5147398.5850
691471.4052, 5147397.7850
691471.4052, 5147396.9850
691471.4052, 5147396.1850
691471.4052, 5147396.1850
691471.4052, 5147395.3850
691471.4052, 5147394.5850
691471.4052, 5147393.7850
691471.4052, 5147392.9850
691471.4052, 5147392.1850
691471.4052, 5147391.3850
691471.4052, 5147390.5850
691471.4052, 5147389.7850
691471.4052, 5147388.9850
691471.4052, 5147388.1850
691471.4052, 5147388.1850
691471.4052, 5147387.3850
691471.4052, 5147386.5850
691471.4052, 5147385.7850
691471.4052, 5147384.9850
691471.4052, 5147384.1850
691471.4052, 5147383.3850
691471.4052, 5147382.5850
691471.4052, 5147381.7850
691471.4052, 5147380.9850
691471.4052, 5147380.1850
691471.4052, 5147380.1850
691471.4052, 5147379.3850
691471.4052, 5147378.5850
691471.4052, 5147377.7850
691471.4052, 5147376.9850
691471.4052, 5147376.1850
691471.4052, 5147375.3850
691471.4052, 5147374.5850
691471.4052, 5147373.7850
691471.4052, 5147372.9850
691471.4052, 5147372.1850
691471.4052, 5147372.1850
691471.4052, 5147371.3850
691471.4052, 5147370.5850
691471.4052, 5147369.7850
691471.4052, 5147368.9850
691471.4052, 5147368.1850
691471.4052, 5147367.3850
691471.4052, 5147366.5850
691471.4052, 5147365.7850
691471.4052, 5147364.9850
691471.4052, 5147364.1850
691471.4052, 5147364.1850
691471.4039, 5147363.3863
691471.3945, 5147362.5957
691471.3692, 5147361.8210
691471.3199, 5147361.0703
691471.2385, 5147360.3517
691471.1172, 5147359.6730
691470.9479, 5147359.0423
691470.7225, 5147358.4677
691470.4332, 5147357.9570
691470.0719, 5147357.5183
691470.0719, 5147357.5183
691469.6345, 5147357.1583
691469.1332, 5147356.8783
691468.5839, 5147356.6783
691468.0025, 5147356.5583
691467.4052, 5147356.5183
691466.8079, 5147356.5583
691466.2265, 5147356.6783
691465.6772, 5147356.8783
691465.1759, 5147357.1583
691464.7385, 5147357.5183
691464.7385, 5147357.5183
691464.3772, 5147357.9570
691464.0879, 5147358.4677
691463.8625, 5147359.0423
691463.6932, 5147359.6730
691463.5719, 5147360.3517
691463.4905, 5147361.0703
691463.4412, 5147361.8210
691463.4159, 5147362.5957
691463.4065, 5147363.3863
691463.4052, 5147364.1850
691463.4052, 5147364.1850
691463.4052, 5147364.9850
691463.4052, 5147365.7850
691463.4052, 5147366.5850
691463.4052, 5147367.3850
691463.4052, 5147368.1850
691463.4052, 5147368.9850
691463.4052, 5147369.7850
691463.4052, 5147370.5850
691463.4052, 5147371.3850
691463.4052, 5147372.1850
691463.4052, 5147372.1850
691463.4052, 5147372.9850
691463.4052, 5147373.7850
691463.4052, 5147374.5850
691463.4052, 5147375.3850
691463.4052, 5147376.1850
691463.4052, 5147376.9850
691463.4052, 5147377.7850
691463.4052, 5147378.5850
691463.4052, 5147379.3850
691463.4052, 5147380.1850
691463.4052, 5147380.1850
691463.4052, 5147380.9850
691463.4052, 5147381.7850
691463.4052, 5147382.5850
691463.4052, 5147383.3850
691463.4052, 5147384.1850
691463.4052, 5147384.9850
691463.4052, 5147385.7850
691463.4052, 5147386.5850
691463.4052, 5147387.3850
691463.4052, 5147388.1850
691463.4052, 5147388.1850
691463.4052, 5147388.9850
691463.4052, 5147389.7850
691463.4052, 5147390.5850
691463.4052, 5147391.3850
691463.4052, 5147392.1850
691463.4052, 5147392.9850
691463.4052, 5147393.7850
691463.4052, 5147394.5850
691463.4052, 5147395.3850
691463.4052, 5147396.1850
691463.4052, 5147396.1850
691463.4052, 5147396.9850
691463.4052, 5147397.7850
691463.4052, 5147398.5850
691463.4052, 5147399.3850
691463.4052, 5147400.1850
691463.4052, 5147400.9850
691463.4052, 5147401.7850
691463.4052, 5147402.5850
691463.4052, 5147403.3850
691463.4052, 5147404.1850
691463.4052, 5147404.1850
691463.4039, 5147404.9837
691463.3945, 5147405.7743
691463.3692, 5147406.5490
691463.3199, 5147407.2997
691463.2385, 5147408.0183
691463.1172, 5147408.6970
691462.9479, 5147409.3277
691462.7225, 5147409.9023
691462.4332, 5147410.4130
691462.0719, 5147410.8517
691462.0719, 5147410.8517
691461.6345, 5147411.2117
691461.1332, 5147411.4917
691460.5839, 5147411.6917
691460.0025, 5147411.8117
691459.4052, 5147411.8517
691458.8079, 5147411.8117
691458.2265, 5147411.6917
691457.6772, 5147411.4917
691457.1759, 5147411.2117
691456.7385, 5147410.8517
691456.7385, 5147410.8517
691456.3772, 5147410.4130
691456.0879, 5147409.9023
691455.8625, 5147409.3277
691455.6932, 5147408.6970
691455.5719, 5147408.0183
691455.4905, 5147407.2997
691455.4412, 5147406.5490
691455.4159, 5147405.7743
691455.4065, 5147404.9837
691455.4052, 5147404.1850
691455.4052, 5147404.1850
691455.4052, 5147403.3850
691455.4052, 5147402.5850
691455.4052, 5147401.7850
691455.4052, 5147400.9850
691455.4052, 5147400.1850
691455.4052, 5147399.3850
691455.4052, 5147398.5850
691455.4052, 5147397.7850
691455.4052, 5147396.9850
691455.4052, 5147396.1850
691455.4052, 5147396.1850
691455.4052, 5147395.3850
691455.4052, 5147394.5850
691455.4052, 5147393.7850
691455.4052, 5147392.9850
691455.4052, 5147392.1850
691455.4052, 5147391.3850
691455.4052, 5147390.5850
691455.4052, 5147389.7850
691455.4052, 5147388.9850
691455.4052, 5147388.1850
691455.4052, 5147388.1850
691455.4052, 5147387.3850
691455.4052, 5147386.5850
691455.4052, 5147385.7850
691455.4052, 5147384.9850
691455.4052, 5147384.1850
691455.4052, 5147383.3850
691455.4052, 5147382.5850
691455.4052, 5147381.7850
691455.4052, 5147380.9850
691455.4052, 5147380.1850
691455.4052, 5147380.1850
691455.4052, 5147379.3850
691455.4052, 5147378.5850
691455.4052, 5147377.7850
691455.4052, 5147376.9850
691455.4052, 5147376.1850
691455.4052, 5147375.3850
691455.4052, 5147374.5850
691455.4052, 5147373.7850
691455.4052, 5147372.9850
691455.4052, 5147372.1850
691455.4052, 5147372.1850
691455.4052, 5147371.3850
691455.4052, 5147370.5850
691455.4052, 5147369.7850
691455.4052, 5147368.9850
691455.4052, 5147368.1850
691455.4052, 5147367.3850
691455.4052, 5147366.5850
691455.4052, 5147365.7850
691455.4052, 5147364.9850
691455.4052, 5147364.1850
691455.4052, 5147364.1850
691455.4039, 5147363.3863
691455.3945, 5147362.5957
691455.3692, 5147361.8210
691455.3199, 5147361.0703
691455.2385, 5147360.3517
691455.1172, 5147359.6730
691454.9479, 5147359.0423
691454.7225, 5147358.4677
691454.4332, 5147357.9570
691454.0719, 5147357.5183
691454.0719, 5147357.5183
691453.6345, 5147357.1583
691453.1332, 5147356.8783
691452.5839, 5147356.6783
691452.0025, 5147356.5583
691451.4052, 5147356.5183
691450.8079, 5147356.5583
691450.2265, 5147356.6783
691449.6772, 5147356.8783
691449.1759, 5147357.1583
691448.7385, 5147357.5183
691448.7385, 5147357.5183
691448.3772, 5147357.9570
691448.0879, 5147358.4677
691447.8625, 5147359.0423
691447.6932, 5147359.6730
691447.5719, 5147360.3517
691447.4905, 5147361.0703
691447.4412, 5147361.8210
691447.4159, 5147362.5957
691447.4065, 5147363.3863
691447.4052, 5147364.1850
691447.4052, 5147364.1850
691447.4052, 5147364.9850
691447.4052, 5147365.7850
691447.4052, 5147366.5850
691447.4052, 5147367.3850
691447.4052, 5147368.1850
691447.4052, 5147368.9850
691447.4052, 5147369.7850
691447.4052, 5147370.5850
691447.4052, 5147371.3850
691447.4052, 5147372.1850
691447.4052, 5147372.1850
691447.4052, 5147372.9850
691447.4052, 5147373.7850
691447.4052, 5147374.5850
691447.4052, 5147375.3850
691447.4052, 5147376.1850
691447.4052, 5147376.9850
691447.4052, 5147377.7850
691447.4052, 5147378.5850
691447.4052, 5147379.3850
691447.4052, 5147380.1850
691447.4052, 5147380.1850
691447.4052, 5147380.9850
691447.4052, 5147381.7850
691447.4052, 5147382.5850
691447.4052, 5147383.3850
691447.4052, 5147384.1850
691447.4052, 5147384.9850
691447.4052, 5147385.7850
691447.4052, 5147386.5850
691447.4052, 5147387.3850
691447.4052, 5147388.1850
691447.4052, 5147388.1850
691447.4052, 5147388.9850
691447.4052, 5147389.7850
691447.4052, 5147390.5850
691447.4052, 5147391.3850
691447.4052, 5147392.1850
691447.4052, 5147392.9850
691447.4052, 5147393.7850
691447.4052, 5147394.5850
691447.4052, 5147395.3850
691447.4052, 5147396.1850
691447.4052, 5147396.1850
691447.4052, 5147396.9850
691447.4052, 5147397.7850
691447.4052, 5147398.5850
691447.4052, 5147399.3850
691447.4052, 5147400.1850
691447.4052, 5147400.9850
691447.4052, 5147401.7850
691447.4052, 5147402.5850
691447.4052, 5147403.3850
691447.4052, 5147404.1850
691447.4052, 5147404.1850
691447.4039, 5147404.9850
691447.3945, 5147405.7850
691447.3692, 5147406.5850
691447.3199, 5147407.3850
691447.2385, 5147408.1850
691447.1172, 5147408.9850
691446.9479, 5147409.7850
691446.7225, 5147410.5850
691446.4332, 5147411.3850
691446.0719, 5147412.1850
691446.0719, 5147412.1850
691445.6345, 5147412.9823
691445.1332, 5147413.7637
691444.5839, 5147414.5130
691444.0025, 5147415.2143
691443.4052, 5147415.8517
691442.8079, 5147416.4090
691442.2265, 5147416.8703
691441.6772, 5147417.2197
691441.1759, 5147417.4410
691440.7385, 5147417.5183
691440.7385, 5147417.5183
691440.3772, 5147417.4410
691440.0879, 5147417.2197
691439.8625, 5147416.8703
691439.6932, 5147416.4090
691439.5719, 5147415.8517
691439.4905, 5147415.2143
691439.4412, 5147414.5130
691439.4159, 5147413.7637
691439.4065, 5147412.9823
691439.4052, 5147412.1850
691439.4052, 5147412.1850
691439.4052, 5147411.3850
691439.4052, 5147410.5850
691439.4052, 5147409.7850
691439.4052, 5147408.9850
691439.4052, 5147408.1850
691439.4052, 5147407.3850
691439.4052, 5147406.5850
691439.4052, 5147405.7850
691439.4052, 5147404.9850
691439.4052, 5147404.1850
691439.4052, 5147404.1850
691439.4052, 5147403.3850
691439.4052, 5147402.5850
691439.4052, 5147401.7850
691439.4052, 5147400.9850
691439.4052, 5147400.1850
691439.4052, 5147399.3850
691439.4052, 5147398.5850
691439.4052, 5147397.7850
691439.4052, 5147396.9850
691439.4052, 5147396.1850
691439.4052, 5147396.1850
691439.4052, 5147395.3850
691439.4052, 5147394.5850
691439.4052, 5147393.7850
691439.4052, 5147392.9850
691439.4052, 5147392.1850
691439.4052, 5147391.3850
691439.4052, 5147390.5850
691439.4052, 5147389.7850
691439.4052, 5147388.9850
691439.4052, 5147388.1850
691439.4052, 5147388.1850
691439.4052, 5147387.3850
691439.4052, 5147386.5850
691439.4052, 5147385.7850
691439.4052, 5147384.9850
691439.4052, 5147384.1850
691439.4052, 5147383.3850
691439.4052, 5147382.5850
691439.4052, 5147381.7850
691439.4052, 5147380.9850
691439.4052, 5147380.1850
691439.4052, 5147380.1850
691439.4052, 5147379.3850
691439.4052, 5147378.5850
691439.4052, 5147377.7850
691439.4052, 5147376.9850
691439.4052, 5147376.1850
691439.4052, 5147375.3850
691439.4052, 5147374.5850
691439.4052, 5147373.7850
691439.4052, 5147372.9850
691439.4052, 5147372.1850
691439.4052, 5147372.1850
691439.4052, 5147371.3850
691439.4052, 5147370.5850
691439.4052, 5147369.7850
691439.4052, 5147368.9850
691439.4052, 5147368.1850
691439.4052, 5147367.3850
691439.4052, 5147366.5850
691439.4052, 5147365.7850
691439.4052, 5147364.9850
691439.4052, 5147364.1850
691439.4052, 5147364.1850
691439.4039, 5147363.3863
691439.3945, 5147362.5957
691439.3692, 5147361.8210
691439.3199, 5147361.0703
691439.2385, 5147360.3517
691439.1172, 5147359.6730
691438.9479, 5147359.0423
691438.7225, 5147358.4677
691438.4332, 5147357.9570
691438.0719, 5147357.5183
691438.0719, 5147357.5183
691437.6345, 5147357.1583
691437.1332, 5147356.8783
691436.5839, 5147356.6783
691436.0025, 5147356.5583
691435.4052, 5147356.5183
691434.8079, 5147356.5583
691434.2265, 5147356.6783
691433.6772, 5147356.8783
691433.1759, 5147357.1583
691432.7385, 5147357.5183
691432.7385, 5147357.5183
691432.3772, 5147357.9570
691432.0879, 5147358.4677
691431.8625, 5147359.0423
691431.6932, 5147359.6730
691431.5719, 5147360.3517
691431.4905, 5147361.0703
691431.4412, 5147361.8210
691431.4159, 5147362.5957
691431.4065, 5147363.3863
691431.4052, 5147364.1850
691431.4052, 5147364.1850
691431.4052, 5147364.9850
691431.4052, 5147365.7850
691431.4052, 5147366.5850
691431.4052, 5147367.3850
691431.4052, 5147368.1850
691431.4052, 5147368.9850
691431.4052, 5147369.7850
691431.4052, 5147370.5850
691431.4052, 5147371.3850
691431.4052, 5147372.1850
691431.4052, 5147372.1850
691431.4052, 5147372.9850
691431.4052, 5147373.7850
691431.4052, 5147374.5850
691431.4052, 5147375.3850
691431.4052, 5147376.1850
691431.4052, 5147376.9850
691431.4052, 5147377.7850
691431.4052, 5147378.5850
691431.4052, 5147379.3850
691431.4052, 5147380.1850
691431.4052, 5147380.1850
691431.4052, 5147380.9850
691431.4052, 5147381.7850
691431.4052, 5147382.5850
691431.4052, 5147383.3850
691431.4052, 5147384.1850
691431.4052, 5147384.9850
691431.4052, 5147385.7850
691431.4052, 5147386.5850
691431.4052, 5147387.3850
691431.4052, 5147388.1850
691431.4052, 5147388.1850
691431.4052, 5147388.9850
691431.4052, 5147389.7850
691431.4052, 5147390.5850
691431.4052, 5147391.3850
691431.4052, 5147392.1850
691431.4052, 5147392.9850
691431.4052, 5147393.7850
691431.4052, 5147394.5850
691431.4052, 5147395.3850
691431.4052, 5147396.1850
691431.4052, 5147396.1850
691431.4052, 5147396.9850
691431.4052, 5147397.7850
691431.4052, 5147398.5850
691431.4052, 5147399.3850
691431.4052, 5147400.1850
691431.4052, 5147400.9850
691431.4052, 5147401.7850
691431.4052, 5147402.5850
691431.4052, 5147403.3850
691431.4052, 5147404.1850
691431.4052, 5147404.1850
691431.4052, 5147404.9850
691431.4052, 5147405.7850
691431.4052, 5147406.5850
691431.4052, 5147407.3850
691431.4052, 5147408.1850
691431.4052, 5147408.9850
691431.4052, 5147409.7850
691431.4052, 5147410.5850
691431.4052, 5147411.3850
691431.4052, 5147412.1850
691431.4052, 5147412.1850
691431.4039, 5147412.9837
691431.3945, 5147413.7743
691431.3692, 5147414.5490
691431.3199, 5147415.2997
691431.2385, 5147416.0183
691431.1172, 5147416.6970
691430.9479, 5147417.3277
691430.7225, 5147417.9023
691430.4332, 5147418.4130
691430.0719, 5147418.8517
691430.0719, 5147418.8517
691429.6345, 5147419.2117
691429.1332, 5147419.4917
691428.5839, 5147419.6917
691428.0025, 5147419.8117
691427.4052, 5147419.8517
691426.8079, 5147419.8117
691426.2265, 5147419.6917
691425.6772, 5147419.4917
691425.1759, 5147419.2117
691424.7385, 5147418.8517
691424.7385, 5147418.8517
691424.3772, 5147418.4130
691424.0879, 5147417.9023
691423.8625, 5147417.3277
691423.6932, 5147416.6970
691423.5719, 5147416.0183
691423.4905, 5147415.2997
691423.4412, 5147414.5490
691423.4159, 5147413.7743
691423.4065, 5147412.9837
691423.4052, 5147412.1850
691423.4052, 5147412.1850
691423.4052, 5147411.3850
691423.4052, 5147410.5850
691423.4052, 5147409.7850
691423.4052, 5147408.9850
691423.4052, 5147408.1850
691423.4052, 5147407.3850
691423.4052, 5147406.5850
691423.4052, 5147405.7850
691423.4052, 5147404.9850
691423.4052, 5147404.1850
691423.4052, 5147404.1850
691423.4052, 5147403.3850
691423.4052, 5147402.5850
691423.4052, 5147401.7850
691423.4052, 5147400.9850
691423.4052, 5147400.1850
691423.4052, 5147399.3850
691423.4052, 5147398.5850
691423.4052, 5147397.7850
691423.4052, 5147396.9850
691423.4052, 5147396.1850
691423.4052, 5147396.1850
691423.4052, 5147395.3850
691423.4052, 5147394.5850
691423.4052, 5147393.7850
691423.4052, 5147392.9850
691423.4052, 5147392.1850
691423.4052, 5147391.3850
691423.4052, 5147390.5850
691423.4052, 5147389.7850
691423.4052, 5147388.9850
691423.4052, 5147388.1850
691423.4052, 5147388.1850
691423.4052, 5147387.3850
691423.4052, 5147386.5850
691423.4052, 5147385.7850
691423.4052, 5147384.9850
691423.4052, 5147384.1850
691423.4052, 5147383.3850
691423.4052, 5147382.5850
691423.4052, 5147381.7850
691423.4052, 5147380.9850
691423.4052, 5147380.1850
691423.4052, 5147380.1850
691423.4052, 5147379.3850
691423.4052, 5147378.5850
691423.4052, 5147377.7850
691423.4052, 5147376.9850
691423.4052, 5147376.1850
691423.4052, 5147375.3850
691423.4052, 5147374.5850
691423.4052, 5147373.7850
691423.4052, 5147372.9850
691423.4052, 5147372.1850
691423.4052, 5147372.1850
691423.4052, 5147371.3850
691423.4052, 5147370.5850
691423.4052, 5147369.7850
691423.4052, 5147368.9850
691423.4052, 5147368.1850
691423.4052, 5147367.3850
691423.4052, 5147366.5850
691423.4052, 5147365.7850
691423.4052, 5147364.9850
691423.4052, 5147364.1850
691423.4052, 5147364.1850
691423.4039, 5147363.3863
691423.3945, 5147362.5957
691423.3692, 5147361.8210
691423.3199, 5147361.0703
691423.2385, 5147360.3517
691423.1172, 5147359.6730
691422.9479, 5147359.0423
691422.7225, 5147358.4677
691422.4332, 5147357.9570
691422.0719, 5147357.5183
691422.0719, 5147357.5183
691421.6345, 5147357.1583
691421.1332, 5147356.8783
691420.5839, 5147356.6783
691420.0025, 5147356.5583
691419.4052, 5147356.5183
691418.8079, 5147356.5583
691418.2265, 5147356.6783
691417.6772, 5147356.8783
691417.1759, 5147357.1583
691416.7385, 5147357.5183
691416.7385, 5147357.5183
691416.3772, 5147357.9570
691416.0879, 5147358.4677
691415.8625, 5147359.0423
691415.6932, 5147359.6730
691415.5719, 5147360.3517
691415.4905, 5147361.0703
691415.4412, 5147361.8210
691415.4159, 5147362.5957
691415.4065, 5147363.3863
691415.4052, 5147364.1850
691415.4052, 5147364.1850
691415.4052, 5147364.9850
691415.4052, 5147365.7850
691415.4052, 5147366.5850
691415.4052, 5147367.3850
691415.4052, 5147368.1850
691415.4052, 5147368.9850
691415.4052, 5147369.7850
691415.4052, 5147370.5850
691415.4052, 5147371.3850
691415.4052, 5147372.1850
691415.4052, 5147372.1850
691415.4052, 5147372.9850
691415.4052, 5147373.7850
691415.4052, 5147374.5850
691415.4052, 5147375.3850
691415.4052, 5147376.1850
691415.4052, 5147376.9850
691415.4052, 5147377.7850
691415.4052, 5147378.5850
691415.4052, 5147379.3850
691415.4052, 5147380.1850
691415.4052, 5147380.1850
691415.4052, 5147380.9850
691415.4052, 5147381.7850
691415.4052, 5147382.5850
691415.4052, 5147383.3850
691415.4052, 5147384.1850
691415.4052, 5147384.9850
691415.4052, 5147385.7850
691415.4052, 5147386.5850
691415.4052, 5147387.3850
691415.4052, 5147388.1850
691415.4052, 5147388.1850
691415.4052, 5147388.9850
691415.4052, 5147389.7850
691415.4052, 5147390.5850
691415.4052, 5147391.3850
691415.4052, 5147392.1850
691415.4052, 5147392.9850
691415.4052, 5147393.7850
691415.4052, 5147394.5850
691415.4052, 5147395.3850
691415.4052, 5147396.1850
691415.4052, 5147396.1850
691415.4052, 5147396.9850
691415.4052, 5147397.7850
691415.4052, 5147398.5850
691415.4052, 5147399.3850
691415.4052, 5147400.1850
691415.4052, 5147400.9850
691415.4052, 5147401.7850
691415.4052, 5147402.5850
691415.4052, 5147403.3850
691415.4052, 5147404.1850
691415.4052, 5147404.1850
691415.4052, 5147404.9850
691415.4052, 5147405.7850
691415.4052, 5147406.5850
691415.4052, 5147407.3850
691415.4052, 5147408.1850
691415.4052, 5147408.9850
691415.4052, 5147409.7850
691415.4052, 5147410.5850
691415.4052, 5147411.3850
691415.4052, 5147412.1850
691415.4052, 5147412.1850
691415.4052, 5147412.9850
691415.4052, 5147413.7850
691415.4052, 5147414.5850
691415.4052, 5147415.3850
691415.4052, 5147416.1850
691415.4052, 5147416.9850
691415.4052, 5147417.7850
691415.4052, 5147418.5850
691415.4052, 5147419.3850
691415.4052, 5147420.1850
691415.4052, 5147420.1850
691415.4039, 5147420.9837
691415.3945, 5147421.7743
691415.3692, 5147422.5490
691415.3199, 5147423.2997
691415.2385, 5147424.0183
691415.1172, 5147424.6970
691414.9479, 5147425.3277
691414.7225, 5147425.9023
691414.4332, 5147426.4130
691414.0719, 5147426.8517
691414.0719, 5147426.8517
691413.6345, 5147427.2117
691413.1332, 5147427.4917
691412.5839, 5147427.6917
691412.0025, 5147427.8117
691411.4052, 5147427.8517
691410.8079, 5147427.8117
691410.2265, 5147427.6917
691409.6772, 5147427.4917
691409.1759, 5147427.2117
691408.7385, 5147426.8517
691408.7385, 5147426.8517
691408.3772, 5147426.4130
691408.0879, 5147425.9023
691407.8625, 5147425.3277
691407.6932, 5147424.6970
691407.5719, 5147424.0183
691407.4905, 5147423.2997
691407.4412, 5147422.5490
691407.4159, 5147421.7743
691407.4065, 5147420.9837
691407.4052, 5147420.1850
691407.4052, 5147420.1850
691407.4052, 5147419.3850
691407.4052, 5147418.5850
691407.4052, 5147417.7850
691407.4052, 5147416.9850
691407.4052, 5147416.1850
691407.4052, 5147415.3850
691407.4052, 5147414.5850
691407.4052, 5147413.7850
691407.4052, 5147412.9850
691407.4052, 5147412.1850
691407.4052, 5147412.1850
691407.4052, 5147411.3850
691407.4052, 5147410.5850
691407.4052, 5147409.7850
691407.4052, 5147408.9850
691407.4052, 5147408.1850
691407.4052, 5147407.3850
691407.4052, 5147406.5850
691407.4052, 5147405.7850
691407.4052, 5147404.9850
691407.4052, 5147404.1850
691407.4052, 5147404.1850
691407.4052, 5147403.3850
691407.4052, 5147402.5850
691407.4052, 5147401.7850
691407.4052, 5147400.9850
691407.4052, 5147400.1850
691407.4052, 5147399.3850
691407.4052, 5147398.5850
691407.4052, 5147397.7850
691407.4052, 5147396.9850
691407.4052, 5147396.1850
691407.4052, 5147396.1850
691407.4052, 5147395.3850
691407.4052, 5147394.5850
691407.4052, 5147393.7850
691407.4052, 5147392.9850
691407.4052, 5147392.1850
691407.4052, 5147391.3850
691407.4052, 5147390.5850
691407.4052, 5147389.7850
691407.4052, 5147388.9850
691407.4052, 5147388.1850
691407.4052, 5147388.1850
691407.4052, 5147387.3850
691407.4052, 5147386.5850
691407.4052, 5147385.7850
691407.4052, 5147384.9850
691407.4052, 5147384.1850
691407.4052, 5147383.3850
691407.4052, 5147382.5850
691407.4052, 5147381.7850
691407.4052, 5147380.9850
691407.4052, 5147380.1850
691407.4052, 5147380.1850
691407.4052, 5147379.3850
691407.4052, 5147378.5850
691407.4052, 5147377.7850
691407.4052, 5147376.9850
691407.4052, 5147376.1850
691407.4052, 5147375.3850
691407.4052, 5147374.5850
691407.4052, 5147373.7850
691407.4052, 5147372.9850
691407.4052, 5147372.1850
691407.4052, 5147372.1850
691407.4052, 5147371.3850
691407.4052, 5147370.5850
691407.4052, 5147369.7850
691407.4052, 5147368.9850
691407.4052, 5147368.1850
691407.4052, 5147367.3850
691407.4052, 5147366.5850
691407.4052, 5147365.7850
691407.4052, 5147364.9850
691407.4052, 5147364.1850
691407.4052, 5147364.1850
691407.4039, 5147363.3863
691407.3945, 5147362.5957
691407.3692, 5147361.8210
691407.3199, 5147361.0703
691407.2385, 5147360.3517
691407.1172, 5147359.6730
691406.9479, 5147359.0423
691406.7225, 5147358.4677
691406.4332, 5147357.9570
691406.0719, 5147357.5183
691406.0719, 5147357.5183
691405.6345, 5147357.1583
691405.1332, 5147356.8783
691404.5839, 5147356.6783
691404.0025, 5147356.5583
691403.4052, 5147356.5183
691402.8079, 5147356.5583
691402.2265, 5147356.6783
691401.6772, 5147356.8783
691401.1759, 5147357.1583
691400.7385, 5147357.5183
691400.7385, 5147357.5183
691400.3772, 5147357.9570
691400.0879, 5147358.4677
691399.8625, 5147359.0423
691399.6932, 5147359.6730
691399.5719, 5147360.3517
691399.4905, 5147361.0703
691399.4412, 5147361.8210
691399.4159, 5147362.5957
691399.4065, 5147363.3863
691399.4052, 5147364.1850
691399.4052, 5147364.1850
691399.4052, 5147364.9850
691399.4052, 5147365.7850
691399.4052, 5147366.5850
691399.4052, 5147367.3850
691399.4052, 5147368.1850
691399.4052, 5147368.9850
691399.4052, 5147369.7850
691399.4052, 5147370.5850
691399.4052, 5147371.3850
691399.4052, 5147372.1850
691399.4052, 5147372.1850
691399.4052, 5147372.9850
691399.4052, 5147373.7850
691399.4052, 5147374.5850
691399.4052, 5147375.3850
691399.4052, 5147376.1850
691399.4052, 5147376.9850
691399.4052, 5147377.7850
691399.4052, 5147378.5850
691399.4052, 5147379.3850
691399.4052, 5147380.1850
691399.4052, 5147380.1850
691399.4052, 5147380.9850
691399.4052, 5147381.7850
691399.4052, 5147382.5850
691399.4052, 5147383.3850
691399.4052, 5147384.1850
691399.4052, 5147384.9850
691399.4052, 5147385.7850
691399.4052, 5147386.5850
691399.4052, 5147387.3850
691399.4052, 5147388.1850
691399.4052, 5147388.1850
691399.4052, 5147388.9850
691399.4052, 5147389.7850
691399.4052, 5147390.5850
691399.4052, 5147391.3850
691399.4052, 5147392.1850
691399.4052, 5147392.9850
691399.4052, 5147393.7850
691399.4052, 5147394.5850
691399.4052, 5147395.3850
691399.4052, 5147396.1850
691399.4052, 5147396.1850
691399.4052, 5147396.9850
691399.4052, 5147397.7850
691399.4052, 5147398.5850
691399.4052, 5147399.3850
691399.4052, 5147400.1850
691399.4052, 5147400.9850
691399.4052, 5147401.7850
691399.4052, 5147402.5850
691399.4052, 5147403.3850
691399.4052, 5147404.1850
691399.4052, 5147404.1850
691399.4052, 5147404.9850
691399.4052, 5147405.7850
691399.4052, 5147406.5850
691399.4052, 5147407.3850
691399.4052, 5147408.1850
691399.4052, 5147408.9850
691399.4052, 5147409.7850
691399.4052, 5147410.5850
691399.4052, 5147411.3850
691399.4052, 5147412.1850
691399.4052, 5147412.1850
691399.4052, 5147412.9850
691399.4052, 5147413.7850
691399.4052, 5147414.5850
691399.4052, 5147415.3850
691399.4052, 5147416.1850
691399.4052, 5147416.9850
691399.4052, 5147417.7850
691399.4052, 5147418.5850
691399.4052, 5147419.3850
691399.4052, 5147420.1850
691399.4052, 5147420.1850
691399.4039, 5147420.9850
691399.3945, 5147421.7850
691399.3692, 5147422.5850
691399.3199, 5147423.3850
691399.2385, 5147424.1850
691399.1172, 5147424.9850
691398.9479, 5147425.7850
691398.7225, 5147426.5850
691398.4332, 5147427.3850
691398.0719, 5147428.1850
691398.0719, 5147428.1850
691397.6345, 5147428.9823
691397.1332, 5147429.7637
691396.5839, 5147430.5130
691396.0025, 5147431.2143
691395.4052, 5147431.8517
691394.8079, 5147432.4090
691394.2265, 5147432.8703
691393.6772, 5147433.2197
691393.1759, 5147433.4410
691392.7385, 5147433.5183
691392.7385, 5147433.5183
691392.3772, 5147433.4410
691392.0879, 5147433.2197
691391.8625, 5147432.8703
691391.6932, 5147432.4090
691391.5719, 5147431.8517
691391.4905, 5147431.2143
691391.4412, 5147430.5130
691391.4159, 5147429.7637
691391.4065, 5147428.9823
691391.4052, 5147428.1850
691391.4052, 5147428.1850
691391.4052, 5147427.3850
691391.4052, 5147426.5850
691391.4052, 5147425.7850
691391.4052, 5147424.9850
691391.4052, 5147424.1850
691391.4052, 5147423.3850
691391.4052, 5147422.5850
691391.4052, 5147421.7850
691391.4052, 5147420.9850
691391.4052, 5147420.1850
691391.4052, 5147420.1850
691391.4052, 5147419.3850
691391.4052, 5147418.5850
691391.4052, 5147417.7850
691391.4052, 5147416.9850
691391.4052, 5147416.1850
691391.4052, 5147415.3850
691391.4052, 5147414.5850
691391.4052, 5147413.7850
691391.4052, 5147412.9850
691391.4052, 5147412.1850
691391.4052, 5147412.1850
691391.4052, 5147411.3850
691391.4052, 5147410.5850
691391.4052, 5147409.7850
691391.4052, 5147408.9850
691391.4052, 5147408.1850
691391.4052, 5147407.3850
691391.4052, 5147406.5850
691391.4052, 5147405.7850
691391.4052, 5147404.9850
691391.4052, 5147404.1850
691391.4052, 5147404.1850
691391.4052, 5147403.3850
691391.4052, 5147402.5850
691391.4052, 5147401.7850
691391.4052, 5147400.9850
691391.4052, 5147400.1850
691391.4052, 5147399.3850
691391.4052, 5147398.5850
691391.4052, 5147397.7850
691391.4052, 5147396.9850
691391.4052, 5147396.1850
691391.4052, 5147396.1850
691391.4052, 5147395.3850
691391.4052, 5147394.5850
691391.4052, 5147393.7850
691391.4052, 5147392.9850
691391.4052, 5147392.1850
691391.4052, 5147391.3850
691391.4052, 5147390.5850
691391.4052, 5147389.7850
691391.4052, 5147388.9850
691391.4052, 5147388.1850
691391.4052, 5147388.1850
691391.4052, 5147387.3850
691391.4052, 5147386.5850
691391.4052, 5147385.7850
691391.4052, 5147384.9850
691391.4052, 5147384.1850
691391.4052, 5147383.3850
691391.4052, 5147382.5850
691391.4052, 5147381.7850
691391.4052, 5147380.9850
691391.4052, 5147380.1850
691391.4052, 5147380.1850
691391.4052, 5147379.3850
691391.4052, 5147378.5850
691391.4052, 5147377.7850
691391.4052, 5147376.9850
691391.4052, 5147376.1850
691391.4052, 5147375.3850
691391.4052, 5147374.5850
691391.4052, 5147373.7850
691391.4052, 5147372.9850
691391.4052, 5147372.1850
691391.4052, 5147372.1850
691391.4039, 5147371.3863
691391.3945, 5147370.5957
691391.3692, 5147369.8210
691391.3199, 5147369.0703
691391.2385, 5147368.3517
691391.1172, 5147367.6730
691390.9479, 5147367.0423
691390.7225, 5147366.4677
691390.4332, 5147365.9570
691390.0719, 5147365.5183
691390.0719, 5147365.5183
691389.6345, 5147365.1583
691389.1332, 5147364.8783
691388.5839, 5147364.6783
691388.0025, 5147364.5583
691387.4052, 5147364.5183
691386.8079, 5147364.5583
691386.2265, 5147364.6783
691385.6772, 5147364.8783
691385.1759, 5147365.1583
691384.7385, 5147365.5183
691384.7385, 5147365.5183
691384.3772, 5147365.9570
691384.0879, 5147366.4677
691383.8625, 5147367.0423
691383.6932, 5147367.6730
691383.5719, 5147368.3517
691383.4905, 5147369.0703
691383.4412, 5147369.8210
691383.4159, 5147370.5957
691383.4065, 5147371.3863
691383.4052, 5147372.1850
691383.4052, 5147372.1850
691383.4052, 5147372.9850
691383.4052, 5147373.7850
691383.4052, 5147374.5850
691383.4052, 5147375.3850
691383.4052, 5147376.1850
691383.4052, 5147376.9850
691383.4052, 5147377.7850
691383.4052, 5147378.5850
691383.4052, 5147379.3850
691383.4052, 5147380.1850
691383.4052, 5147380.1850
691383.4052, 5147380.9850
691383.4052, 5147381.7850
691383.4052, 5147382.5850
691383.4052, 5147383.3850
691383.4052, 5147384.1850
691383.4052, 5147384.9850
691383.4052, 5147385.7850
691383.4052, 5147386.5850
691383.4052, 5147387.3850
691383.4052, 5147388.1850
691383.4052, 5147388.1850
691383.4052, 5147388.9850
691383.4052, 5147389.7850
691383.4052, 5147390.5850
691383.4052, 5147391.3850
691383.4052, 5147392.1850
691383.4052, 5147392.9850
691383.4052, 5147393.7850
691383.4052, 5147394.5850
691383.4052, 5147395.3850
691383.4052, 5147396.1850
691383.4052, 5147396.1850
691383.4052, 5147396.9850
691383.4052, 5147397.7850
691383.4052, 5147398.5850
691383.4052, 5147399.3850
691383.4052, 5147400.1850
691383.4052, 5147400.9850
691383.4052, 5147401.7850
691383.4052, 5147402.5850
691383.4052, 5147403.3850
691383.4052, 5147404.1850
691383.4052, 5147404.1850
691383.4052, 5147404.9850
691383.4052, 5147405.7850
691383.4052, 5147406.5850
691383.4052, 5147407.3850
691383.4052, 5147408.1850
691383.4052, 5147408.9850
691383.4052, 5147409.7850
691383.4052, 5147410.5850
691383.4052, 5147411.3850
691383.4052, 5147412.1850
691383.4052, 5147412.1850
691383.4052, 5147412.9850
691383.4052, 5147413.7850
691383.4052, 5147414.5850
691383.4052, 5147415.3850
691383.4052, 5147416.1850
691383.4052, 5147416.9850
691383.4052, 5147417.7850
691383.4052, 5147418.5850
691383.4052, 5147419.3850
691383.4052, 5147420.1850
691383.4052, 5147420.1850
691383.4052, 5147420.9850
691383.4052, 5147421.7850
691383.4052, 5147422.5850
691383.4052, 5147423.3850
691383.4052, 5147424.1850
691383.4052, 5147424.9850
691383.4052, 5147425.7850
691383.4052, 5147426.5850
691383.4052, 5147427.3850
691383.4052, 5147428.1850
691383.4052, 5147428.1850
691383.4039, 5147428.9837
691383.3945, 5147429.7743
691383.3692, 5147430.5490
691383.3199, 5147431.2997
691383.2385, 5147432.0183
691383.1172, 5147432.6970
691382.9479, 5147433.3277
691382.7225, 5147433.9023
691382.4332, 5147434.4130
691382.0719, 5147434.8517
691382.0719, 5147434.8517
691381.6345, 5147435.2117
691381.1332, 5147435.4917
691380.5839, 5147435.6917
691380.0025, 5147435.8117
691379.4052, 5147435.8517
691378.8079, 5147435.8117
691378.2265, 5147435.6917
691377.6772, 5147435.4917
691377.1759, 5147435.2117
691376.7385, 5147434.8517
691376.7385, 5147434.8517
691376.3772, 5147434.4130
691376.0879, 5147433.9023
691375.8625, 5147433.3277
691375.6932, 5147432.6970
691375.5719, 5147432.0183
691375.4905, 5147431.2997
691375.4412, 5147430.5490
691375.4159, 5147429.7743
691375.4065, 5147428.9837
691375.4052, 5147428.1850
691375.4052, 5147428.1850
691375.4052, 5147427.3850
691375.4052, 5147426.5850
691375.4052, 5147425.7850
691375.4052, 5147424.9850
691375.4052, 5147424.1850
691375.4052, 5147423.3850
691375.4052, 5147422.5850
691375.4052, 5147421.7850
691375.4052, 5147420.9850
691375.4052, 5147420.1850
691375.4052, 5147420.1850
691375.4052, 5147419.3850
691375.4052, 5147418.5850
691375.4052, 5147417.7850
691375.4052, 5147416.9850
691375.4052, 5147416.1850
691375.4052, 5147415.3850
691375.4052, 5147414.5850
691375.4052, 5147413.7850
691375.4052, 5147412.9850
691375.4052, 5147412.1850
691375.4052, 5147412.1850
691375.4052, 5147411.3850
691375.4052, 5147410.5850
691375.4052, 5147409.7850
691375.4052, 5147408.9850
691375.4052, 5147408.1850
691375.4052, 5147407.3850
691375.4052, 5147406.5850
691375.4052, 5147405.7850
691375.4052, 5147404.9850
691375.4052, 5147404.1850
691375.4052, 5147404.1850
691375.4052, 5147403.3850
691375.4052, 5147402.5850
691375.4052, 5147401.7850
691375.4052, 5147400.9850
691375.4052, 5147400.1850
691375.4052, 5147399.3850
691375.4052, 5147398.5850
691375.4052, 5147397.7850
691375.4052, 5147396.9850
691375.4052, 5147396.1850
691375.4052, 5147396.1850
691375.4052, 5147395.3850
691375.4052, 5147394.5850
691375.4052, 5147393.7850
691375.4052, 5147392.9850
691375.4052, 5147392.1850
691375.4052, 5147391.3850
691375.4052, 5147390.5850
691375.4052, 5147389.7850
691375.4052, 5147388.9850
691375.4052, 5147388.1850
691375.4052, 5147388.1850
691375.4052, 5147387.3850
691375.4052, 5147386.5850
691375.4052, 5147385.7850
691375.4052, 5147384.9850
691375.4052, 5147384.1850
691375.4052, 5147383.3850
691375.4052, 5147382.5850
691375.4052, 5147381.7850
691375.4052, 5147380.9850
691375.4052, 5147380.1850
691375.4052, 5147380.1850
691375.4039, 5147379.3863
691375.3945, 5147378.5957
691375.3692, 5147377.8210
691375.3199, 5147377.0703
691375.2385, 5147376.3517
691375.1172, 5147375.6730
691374.9479, 5147375.0423
691374.7225, 5147374.4677
691374.4332, 5147373.9570
691374.0719, 5147373.5183
691374.0719, 5147373.5183
691373.6345, 5147373.1583
691373.1332, 5147372.8783
691372.5839, 5147372.6783
691372.0025, 5147372.5583
691371.4052, 5147372.5183
691370.8079, 5147372.5583
691370.2265, 5147372.6783
691369.6772, 5147372.8783
691369.1759, 5147373.1583
691368.7385, 5147373.5183
691368.7385, 5147373.5183
691368.3772, 5147373.9570
691368.0879, 5147374.4677
691367.8625, 5147375.0423
691367.6932, 5147375.6730
691367.5719, 5147376.3517
691367.4905, 5147377.0703
691367.4412, 5147377.8210
691367.4159, 5147378.5957
691367.4065, 5147379.3863
691367.4052, 5147380.1850
691367.4052, 5147380.1850
691367.4052, 5147380.9850
691367.4052, 5147381.7850
691367.4052, 5147382.5850
691367.4052, 5147383.3850
691367.4052, 5147384.1850
691367.4052, 5147384.9850
691367.4052, 5147385.7850
691367.4052, 5147386.5850
691367.4052, 5147387.3850
691367.4052, 5147388.1850
691367.4052, 5147388.1850
691367.4052, 5147388.9850
691367.4052, 5147389.7850
691367.4052, 5147390.5850
691367.4052, 5147391.3850
691367.4052, 5147392.1850
691367.4052, 5147392.9850
691367.4052, 5147393.7850
691367.4052, 5147394.5850
691367.4052, 5147395.3850
691367.4052, 5147396.1850
691367.4052, 5147396.1850
691367.4052, 5147396.9850
691367.4052, 5147397.7850
691367.4052, 5147398.5850
691367.4052, 5147399.3850
691367.4052, 5147400.1850
691367.4052, 5147400.9850
691367.4052, 5147401.7850
691367.4052, 5147402.5850
691367.4052, 5147403.3850
691367.4052, 5147404.1850
691367.4052, 5147404.1850
691367.4052, 5147404.9850
691367.4052, 5147405.7850
691367.4052, 5147406.5850
691367.4052, 5147407.3850
691367.4052, 5147408.1850
691367.4052, 5147408.9850
691367.4052, 5147409.7850
691367.4052, 5147410.5850
691367.4052, 5147411.3850
691367.4052, 5147412.1850
691367.4052, 5147412.1850
691367.4052, 5147412.9850
691367.4052, 5147413.7850
691367.4052, 5147414.5850
691367.4052, 5147415.3850
691367.4052, 5147416.1850
691367.4052, 5147416.9850
691367.4052, 5147417.7850
691367.4052, 5147418.5850
691367.4052, 5147419.3850
691367.4052, 5147420.1850
691367.4052, 5147420.1850
691367.4052, 5147420.9850
691367.4052, 5147421.7850
691367.4052, 5147422.5850
691367.4052, 5147423.3850
691367.4052, 5147424.1850
691367.4052, 5147424.9850
691367.4052, 5147425.7850
691367.4052, 5147426.5850
691367.4052, 5147427.3850
691367.4052, 5147428.1850
691367.4052, 5147428.1850
691367.4039, 5147428.9850
691367.3945, 5147429.7850
691367.3692, 5147430.5850
691367.3199, 5147431.3850
691367.2385, 5147432.1850
691367.1172, 5147432.9850
691366.9479, 5147433.7850
691366.7225, 5147434.5850
691366.4332, 5147435.3850
691366.0719, 5147436.1850
691366.0719, 5147436.1850
691365.6332, 5147436.9850
691365.1225, 5147437.7850
691364.5479, 5147438.5850
691363.9172, 5147439.3850
691363.2385, 5147440.1850
691362.5199, 5147440.9850
691361.7692, 5147441.7850
691360.9945, 5147442.5850
691360.2039, 5147443.3850
691359.4052, 5147444.1850
691359.4052, 5147444.1850
691358.6052, 5147444.9837
691357.8052, 5147445.7743
691357.0052, 5147446.5490
691356.2052, 5147447.2997
691355.4052, 5147448.0183
691354.6052, 5147448.6970
691353.8052, 5147449.3277
691353.0052, 5147449.9023
691352.2052, 5147450.4130
691351.4052, 5147450.8517
691351.4052, 5147450.8517
691350.6052, 5147451.2143
691349.8052, 5147451.5130
691349.0052, 5147451.7637
691348.2052, 5147451.9823
691347.4052, 5147452.1850
691346.6052, 5147452.3877
691345.8052, 5147452.6063
691345.0052, 5147452.8570
691344.2052, 5147453.1557
691343.4052, 5147453.5183
691343.4052, 5147453.5183
691342.6052, 5147453.9557
691341.8052, 5147454.4570
691341.0052, 5147455.0063
691340.2052, 5147455.5877
691339.4052, 5147456.1850
691338.6052, 5147456.7823
691337.8052, 5147457.3637
691337.0052, 5147457.9130
691336.2052, 5147458.4143
691335.4052, 5147458.8517
691335.4052, 5147458.8517
691334.6052, 5147459.2143
691333.8052, 5147459.5130
691333.0052, 5147459.7637
691332.2052, 5147459.9823
691331.4052, 5147460.1850
691330.6052, 5147460.3877
691329.8052, 5147460.6063
691329.0052, 5147460.8570
691328.2052, 5147461.1557
691327.4052, 5147461.5183
691327.4052, 5147461.5183
691326.6052, 5147461.9557
691325.8052, 5147462.4570
691325.0052, 5147463.0063
691324.2052, 5147463.5877
691323.4052, 5147464.1850
691322.6052, 5147464.7823
691321.8052, 5147465.3637
691321.0052, 5147465.9130
691320.2052, 5147466.4143
691319.4052, 5147466.8517
691319.4052, 5147466.8517
691318.6052, 5147467.2130
691317.8052, 5147467.5023
691317.0052, 5147467.7277
691316.2052, 5147467.8970
691315.4052, 5147468.0183
691314.6052, 5147468.0997
691313.8052, 5147468.1490
691313.0052, 5147468.1743
691312.2052, 5147468.1837
691311.4052, 5147468.1850
691311.4052, 5147468.1850
691310.6052, 5147468.1850
691309.8052, 5147468.1850
691309.0052, 5147468.1850
691308.2052, 5147468.1850
691307.4052, 5147468.1850
691306.6052, 5147468.1850
691305.8052, 5147468.1850
691305.0052, 5147468.1850
691304.2052, 5147468.1850
691303.4052, 5147468.1850
691303.4052, 5147468.1850
691302.6052, 5147468.1837
691301.8052, 5147468.1743
691301.0052, 5147468.1490
691300.2052, 5147468.0997
691299.4052, 5147468.0183
691298.6052, 5147467.8970
691297.8052, 5147467.7277
691297.0052, 5147467.5023
691296.2052, 5147467.2130
691295.4052, 5147466.8517
691295.4052, 5147466.8517
691294.6079, 5147466.4143
691293.8265, 5147465.9130
691293.0772, 5147465.3637
691292.3759, 5147464.7823
691291.7385, 5147464.1850
691291.1812, 5147463.5877
691290.7199, 5147463.0063
691290.3705, 5147462.4570
691290.1492, 5147461.9557
691290.0719, 5147461.5183
691290.0719, 5147461.5183
691290.1492, 5147461.1570
691290.3705, 5147460.8677
691290.7199, 5147460.6423
691291.1812, 5147460.4730
691291.7385, 5147460.3517
691292.3759, 5147460.2703
691293.0772, 5147460.2210
691293.8265, 5147460.1957
691294.6079, 5147460.1863
691295.4052, 5147460.1850
691295.4052, 5147460.1850
691296.2052, 5147460.1850
691297.0052, 5147460.1850
691297.8052, 5147460.1850
691298.6052, 5147460.1850
691299.4052, 5147460.1850
691300.2052, 5147460.1850
691301.0052, 5147460.1850
691301.8052, 5147460.1850
691302.6052, 5147460.1850
691303.4052, 5147460.1850
691303.4052, 5147460.1850
691304.2052, 5147460.1850
691305.0052, 5147460.1850
691305.8052, 5147460.1850
691306.6052, 5147460.1850
691307.4052, 5147460.1850
691308.2052, 5147460.1850
691309.0052, 5147460.1850
691309.8052, 5147460.1850
691310.6052, 5147460.1850
691311.4052, 5147460.1850
691311.4052, 5147460.1850
691312.2039, 5147460.1837
691312.9945, 5147460.1743
691313.7692, 5147460.1490
691314.5199, 5147460.0997
691315.2385, 5147460.0183
691315.9172, 5147459.8970
691316.5479, 5147459.7277
691317.1225, 5147459.5023
691317.6332, 5147459.2130
691318.0719, 5147458.8517
691318.0719, 5147458.8517
691318.4319, 5147458.4143
691318.7119, 5147457.9130
691318.9119, 5147457.3637
691319.0319, 5147456.7823
691319.0719, 5147456.1850
691319.0319, 5147455.5877
691318.9119, 5147455.0063
691318.7119, 5147454.4570
691318.4319, 5147453.9557
691318.0719, 5147453.5183
691318.0719, 5147453.5183
691317.6332, 5147453.1570
691317.1225, 5147452.8677
691316.5479, 5147452.6423
691315.9172, 5147452.4730
691315.2385, 5147452.3517
691314.5199, 5147452.2703
691313.7692, 5147452.2210
691312.9945, 5147452.1957
691312.2039, 5147452.1863
691311.4052, 5147452.1850
691311.4052, 5147452.1850
691310.6052, 5147452.1850
691309.8052, 5147452.1850
691309.0052, 5147452.1850
691308.2052, 5147452.1850
691307.4052, 5147452.1850
691306.6052, 5147452.1850
691305.8052, 5147452.1850
691305.0052, 5147452.1850
691304.2052, 5147452.1850
691303.4052, 5147452.1850
691303.4052, 5147452.1850
691302.6052, 5147452.1850
691301.8052, 5147452.1850
691301.0052, 5147452.1850
691300.2052, 5147452.1850
691299.4052, 5147452.1850
691298.6052, 5147452.1850
691297.8052, 5147452.1850
691297.0052, 5147452.1850
691296.2052, 5147452.1850
691295.4052, 5147452.1850
691295.4052, 5147452.1850
691294.6065, 5147452.1837
691293.8159, 5147452.1743
691293.0412, 5147452.1490
691292.2905, 5147452.0997
691291.5719, 5147452.0183
691290.8932, 5147451.8970
691290.2625, 5147451.7277
691289.6879, 5147451.5023
691289.1772, 5147451.2130
691288.7385, 5147450.8517
691288.7385, 5147450.8517
691288.3785, 5147450.4143
691288.0985, 5147449.9130
691287.8985, 5147449.3637
691287.7785, 5147448.7823
691287.7385, 5147448.1850
691287.7785, 5147447.5877
691287.8985, 5147447.0063
691288.0985, 5147446.4570
691288.3785, 5147445.9557
691288.7385, 5147445.5183
691288.7385, 5147445.5183
691289.1772, 5147445.1570
691289.6879, 5147444.8677
691290.2625, 5147444.6423
691290.8932, 5147444.4730
691291.5719, 5147444.3517
691292.2905, 5147444.2703
691293.0412, 5147444.2210
691293.8159, 5147444.1957
691294.6065, 5147444.1863
691295.4052, 5147444.1850
691295.4052, 5147444.1850
691296.2052, 5147444.1850
691297.0052, 5147444.1850
691297.8052, 5147444.1850
691298.6052, 5147444.1850
691299.4052, 5147444.1850
691300.2052, 5147444.1850
691301.0052, 5147444.1850
691301.8052, 5147444.1850
691302.6052, 5147444.1850
691303.4052, 5147444.1850
691303.4052, 5147444.1850
691304.2052, 5147444.1850
691305.0052, 5147444.1850
691305.8052, 5147444.1850
691306.6052, 5147444.1850
691307.4052, 5147444.1850
691308.2052, 5147444.1850
691309.0052, 5147444.1850
691309.8052, 5147444.1850
691310.6052, 5147444.1850
691311.4052, 5147444.1850
691311.4052, 5147444.1850
691312.2052, 5147444.1863
691313.0052, 5147444.1957
691313.8052, 5147444.2210
691314.6052, 5147444.2703
691315.4052, 5147444.3517
691316.2052, 5147444.4730
691317.0052, 5147444.6423
691317.8052, 5147444.8677
691318.6052, 5147445.1570
691319.4052, 5147445.5183
691319.4052, 5147445.5183
691320.2052, 5147445.9557
691321.0052, 5147446.4570
691321.8052, 5147447.0063
691322.6052, 5147447.5877
691323.4052, 5147448.1850
691324.2052, 5147448.7823
691325.0052, 5147449.3637
691325.8052, 5147449.9130
691326.6052, 5147450.4143
691327.4052, 5147450.8517
691327.4052, 5147450.8517
691328.2025, 5147451.2117
691328.9839, 5147451.4917
691329.7332, 5147451.6917
691330.4345, 5147451.8117
691331.0719, 5147451.8517
691331.6292, 5147451.8117
691332.0905, 5147451.6917
691332.4399, 5147451.4917
691332.6612, 5147451.2117
691332.7385, 5147450.8517
691332.7385, 5147450.8517
691332.6639, 5147450.4143
691332.4612, 5147449.9130
691332.1625, 5147449.3637
691331.7999, 5147448.7823
691331.4052, 5147448.1850
691331.0105, 5147447.5877
691330.6479, 5147447.0063
691330.3492, 5147446.4570
691330.1465, 5147445.9557
691330.0719, 5147445.5183
691330.0719, 5147445.5183
691330.1492, 5147445.1570
691330.3705, 5147444.8677
691330.7199, 5147444.6423
691331.1812, 5147444.4730
691331.7385, 5147444.3517
691332.3759, 5147444.2703
691333.0772, 5147444.2210
691333.8265, 5147444.1957
691334.6079, 5147444.1863
691335.4052, 5147444.1850
691335.4052, 5147444.1850
691336.2052, 5147444.1850
691337.0052, 5147444.1850
691337.8052, 5147444.1850
691338.6052, 5147444.1850
691339.4052, 5147444.1850
691340.2052, 5147444.1850
691341.0052, 5147444.1850
691341.8052, 5147444.1850
691342.6052, 5147444.1850
691343.4052, 5147444.1850
691343.4052, 5147444.1850
691344.2052, 5147444.1837
691345.0052, 5147444.1743
691345.8052, 5147444.1490
691346.6052, 5147444.0997
691347.4052, 5147444.0183
691348.2052, 5147443.8970
691349.0052, 5147443.7277
691349.8052, 5147443.5023
691350.6052, 5147443.2130
691351.4052, 5147442.8517
691351.4052, 5147442.8517
691352.2025, 5147442.4143
691352.9839, 5147441.9130
691353.7332, 5147441.3637
691354.4345, 5147440.7823
691355.0719, 5147440.1850
691355.6292, 5147439.5877
691356.0905, 5147439.0063
691356.4399, 5147438.4570
691356.6612, 5147437.9557
691356.7385, 5147437.5183
691356.7385, 5147437.5183
691356.6612, 5147437.1570
691356.4399, 5147436.8677
691356.0905, 5147436.6423
691355.6292, 5147436.4730
691355.0719, 5147436.3517
691354.4345, 5147436.2703
691353.7332, 5147436.2210
691352.9839, 5147436.1957
691352.2025, 5147436.1863
691351.4052, 5147436.1850
691351.4052, 5147436.1850
691350.6052, 5147436.1850
691349.8052, 5147436.1850
691349.0052, 5147436.1850
691348.2052, 5147436.1850
691347.4052, 5147436.1850
691346.6052, 5147436.1850
691345.8052, 5147436.1850
691345.0052, 5147436.1850
691344.2052, 5147436.1850
691343.4052, 5147436.1850
691343.4052, 5147436.1850
691342.6052, 5147436.1850
691341.8052, 5147436.1850
691341.0052, 5147436.1850
691340.2052, 5147436.1850
691339.4052, 5147436.1850
691338.6052, 5147436.1850
691337.8052, 5147436.1850
691337.0052, 5147436.1850
691336.2052, 5147436.1850
691335.4052, 5147436.1850
691335.4052, 5147436.1850
691334.6052, 5147436.1850
691333.8052, 5147436.1850
691333.0052, 5147436.1850
691332.2052, 5147436.1850
691331.4052, 5147436.1850
691330.6052, 5147436.1850
691329.8052, 5147436.1850
691329.0052, 5147436.1850
691328.2052, 5147436.1850
691327.4052, 5147436.1850
691327.4052, 5147436.1850
691326.6052, 5147436.1850
691325.8052, 5147436.1850
691325.0052, 5147436.1850
691324.2052, 5147436.1850
691323.4052, 5147436.1850
691322.6052, 5147436.1850
691321.8052, 5147436.1850
691321.0052, 5147436.1850
691320.2052, 5147436.1850
691319.4052, 5147436.1850
691319.4052, 5147436.1850
691318.6052, 5147436.1850
691317.8052, 5147436.1850
691317.0052, 5147436.1850
691316.2052, 5147436.1850
691315.4052, 5147436.1850
691314.6052, 5147436.1850
691313.8052, 5147436.1850
691313.0052, 5147436.1850
691312.2052, 5147436.1850
691311.4052, 5147436.1850
691311.4052, 5147436.1850
691310.6052, 5147436.1850
691309.8052, 5147436.1850
691309.0052, 5147436.1850
691308.2052, 5147436.1850
691307.4052, 5147436.1850
691306.6052, 5147436.1850
691305.8052, 5147436.1850
691305.0052, 5147436.1850
691304.2052, 5147436.1850
691303.4052, 5147436.1850
691303.4052, 5147436.1850
691302.6052, 5147436.1850
691301.8052, 5147436.1850
691301.0052, 5147436.1850
691300.2052, 5147436.1850
691299.4052, 5147436.1850
691298.6052, 5147436.1850
691297.8052, 5147436.1850
691297.0052, 5147436.1850
691296.2052, 5147436.1850
691295.4052, 5147436.1850
691295.4052, 5147436.1850
691294.6065, 5147436.1837
691293.8159, 5147436.1743
691293.0412, 5147436.1490
691292.2905, 5147436.0997
691291.5719, 5147436.0183
691290.8932, 5147435.8970
691290.2625, 5147435.7277
691289.6879, 5147435.5023
691289.1772, 5147435.2130
691288.7385, 5147434.8517
691288.7385, 5147434.8517
691288.3772, 5147434.4130
691288.0879, 5147433.9023
691287.8625, 5147433.3277
691287.6932, 5147432.6970
691287.5719, 5147432.0183
691287.4905, 5147431.2997
691287.4412, 5147430.5490
691287.4159, 5147429.7743
691287.4065, 5147428.9837
691287.4052, 5147428.1850
691287.4052, 5147428.1850
691287.4052, 5147427.3850
691287.4052, 5147426.5850
691287.4052, 5147425.7850
691287.4052, 5147424.9850
691287.4052, 5147424.1850
691287.4052, 5147423.3850
691287.4052, 5147422.5850
691287.4052, 5147421.7850
691287.4052, 5147420.9850
691287.4052, 5147420.1850
691287.4052, 5147420.1850
691287.4065, 5147419.3863
691287.4159, 5147418.5957
691287.4412, 5147417.8210
691287.4905, 5147417.0703
691287.5719, 5147416.3517
691287.6932, 5147415.6730
691287.8625, 5147415.0423
691288.0879, 5147414.4677
691288.3772, 5147413.9570
691288.7385, 5147413.5183
691288.7385, 5147413.5183
691289.1759, 5147413.1583
691289.6772, 5147412.8783
691290.2265, 5147412.6783
691290.8079, 5147412.5583
691291.4052, 5147412.5183
691292.0025, 5147412.5583
691292.5839, 5147412.6783
691293.1332, 5147412.8783
691293.6345, 5147413.1583
691294.0719, 5147413.5183
691294.0719, 5147413.5183
691294.4332, 5147413.9570
691294.7225, 5147414.4677
691294.9479, 5147415.0423
691295.1172, 5147415.6730
691295.2385, 5147416.3517
691295.3199, 5147417.0703
691295.3692, 5147417.8210
691295.3945, 5147418.5957
691295.4039, 5147419.3863
691295.4052, 5147420.1850
691295.4052, 5147420.1850
691295.4065, 5147420.9837
691295.4159, 5147421.7743
691295.4412, 5147422.5490
691295.4905, 5147423.2997
691295.5719, 5147424.0183
691295.6932, 5147424.6970
691295.8625, 5147425.3277
691296.0879, 5147425.9023
691296.3772, 5147426.4130
691296.7385, 5147426.8517
691296.7385, 5147426.8517
691297.1772, 5147427.2130
691297.6879, 5147427.5023
691298.2625, 5147427.7277
691298.8932, 5147427.8970
691299.5719, 5147428.0183
691300.2905, 5147428.0997
691301.0412, 5147428.1490
691301.8159, 5147428.1743
691302.6065, 5147428.1837
691303.4052, 5147428.1850
691303.4052, 5147428.1850
691304.2052, 5147428.1850
691305.0052, 5147428.1850
691305.8052, 5147428.1850
691306.6052, 5147428.1850
691307.4052, 5147428.1850
691308.2052, 5147428.1850
691309.0052, 5147428.1850
691309.8052, 5147428.1850
691310.6052, 5147428.1850
691311.4052, 5147428.1850
691311.4052, 5147428.1850
691312.2052, 5147428.1850
691313.0052, 5147428.1850
691313.8052, 5147428.1850
691314.6052, 5147428.1850
691315.4052, 5147428.1850
691316.2052, 5147428.1850
691317.0052, 5147428.1850
691317.8052, 5147428.1850
691318.6052, 5147428.1850
691319.4052, 5147428.1850
691319.4052, 5147428.1850
691320.2052, 5147428.1850
691321.0052, 5147428.1850
691321.8052, 5147428.1850
691322.6052, 5147428.1850
691323.4052, 5147428.1850
691324.2052, 5147428.1850
691325.0052, 5147428.1850
691325.8052, 5147428.1850
691326.6052, 5147428.1850
691327.4052, 5147428.1850
691327.4052, 5147428.1850
691328.2052, 5147428.1850
691329.0052, 5147428.1850
691329.8052, 5147428.1850
691330.6052, 5147428.1850
691331.4052, 5147428.1850
691332.2052, 5147428.1850
691333.0052, 5147428.1850
691333.8052, 5147428.1850
691334.6052, 5147428.1850
691335.4052, 5147428.1850
691335.4052, 5147428.1850
691336.2052, 5147428.1850
691337.0052, 5147428.1850
691337.8052, 5147428.1850
691338.6052, 5147428.1850
691339.4052, 5147428.1850
691340.2052, 5147428.1850
691341.0052, 5147428.1850
691341.8052, 5147428.1850
691342.6052, 5147428.1850
691343.4052, 5147428.1850
691343.4052, 5147428.1850
691344.2052, 5147428.1850
691345.0052, 5147428.1850
691345.8052, 5147428.1850
691346.6052, 5147428.1850
691347.4052, 5147428.1850
691348.2052, 5147428.1850
691349.0052, 5147428.1850
691349.8052, 5147428.1850
691350.6052, 5147428.1850
691351.4052, 5147428.1850
691351.4052, 5147428.1850
691352.2039, 5147428.1837
691352.9945, 5147428.1743
691353.7692, 5147428.1490
691354.5199, 5147428.0997
691355.2385, 5147428.0183
691355.9172, 5147427.8970
691356.5479, 5147427.7277
691357.1225, 5147427.5023
691357.6332, 5147427.2130
691358.0719, 5147426.8517
691358.0719, 5147426.8517
691358.4332, 5147426.4130
691358.7225, 5147425.9023
691358.9479, 5147425.3277
691359.1172, 5147424.6970
691359.2385, 5147424.0183
691359.3199, 5147423.2997
691359.3692, 5147422.5490
691359.3945, 5147421.7743
691359.4039, 5147420.9837
691359.4052, 5147420.1850
691359.4052, 5147420.1850
691359.4052, 5147419.3850
691359.4052, 5147418.5850
691359.4052, 5147417.7850
691359.4052, 5147416.9850
691359.4052, 5147416.1850
691359.4052, 5147415.3850
691359.4052, 5147414.5850
691359.4052, 5147413.7850
691359.4052, 5147412.9850
691359.4052, 5147412.1850
691359.4052, 5147412.1850
691359.4052, 5147411.3850
691359.4052, 5147410.5850
691359.4052, 5147409.7850
691359.4052, 5147408.9850
691359.4052, 5147408.1850
691359.4052, 5147407.3850
691359.4052, 5147406.5850
691359.4052, 5147405.7850
691359.4052, 5147404.9850
691359.4052, 5147404.1850
691359.4052, 5147404.1850
691359.4052, 5147403.3850
691359.4052, 5147402.5850
691359.4052, 5147401.7850
691359.4052, 5147400.9850
691359.4052, 5147400.1850
691359.4052, 5147399.3850
691359.4052, 5147398.5850
691359.4052, 5147397.7850
691359.4052, 5147396.9850
691359.4052, 5147396.1850
691359.4052, 5147396.1850
691359.4052, 5147395.3850
691359.4052, 5147394.5850
691359.4052, 5147393.7850
691359.4052, 5147392.9850
691359.4052, 5147392.1850
691359.4052, 5147391.3850
691359.4052, 5147390.5850
691359.4052, 5147389.7850
691359.4052, 5147388.9850
691359.4052, 5147388.1850
691359.4052, 5147388.1850
691359.4052, 5147387.3850
691359.4052, 5147386.5850
691359.4052, 5147385.7850
691359.4052, 5147384.9850
691359.4052, 5147384.1850
691359.4052, 5147383.3850
691359.4052, 5147382.5850
691359.4052, 5147381.7850
691359.4052, 5147380.9850
691359.4052, 5147380.1850
691359.4052, 5147380.1850
691359.4039, 5147379.3850
691359.3945, 5147378.5850
691359.3692, 5147377.7850
691359.3199, 5147376.9850
691359.2385, 5147376.1850
691359.1172, 5147375.3850
691358.9479, 5147374.5850
691358.7225, 5147373.7850
691358.4332, 5147372.9850
691358.0719, 5147372.1850
691358.0719, 5147372.1850
691357.6345, 5147371.3877
691357.1332, 5147370.6063
691356.5839, 5147369.8570
691356.0025, 5147369.1557
691355.4052, 5147368.5183
691354.8079, 5147367.9610
691354.2265, 5147367.4997
691353.6772, 5147367.1503
691353.1759, 5147366.9290
691352.7385, 5147366.8517
691352.7385, 5147366.8517
691352.3772, 5147366.9290
691352.0879, 5147367.1503
691351.8625, 5147367.4997
691351.6932, 5147367.9610
691351.5719, 5147368.5183
691351.4905, 5147369.1557
691351.4412, 5147369.8570
691351.4159, 5147370.6063
691351.4065, 5147371.3877
691351.4052, 5147372.1850
691351.4052, 5147372.1850
691351.4052, 5147372.9850
691351.4052, 5147373.7850
691351.4052, 5147374.5850
691351.4052, 5147375.3850
691351.4052, 5147376.1850
691351.4052, 5147376.9850
691351.4052, 5147377.7850
691351.4052, 5147378.5850
691351.4052, 5147379.3850
691351.4052, 5147380.1850
691351.4052, 5147380.1850
691351.4052, 5147380.9850
691351.4052, 5147381.7850
691351.4052, 5147382.5850
691351.4052, 5147383.3850
691351.4052, 5147384.1850
691351.4052, 5147384.9850
691351.4052, 5147385.7850
691351.4052, 5147386.5850
691351.4052, 5147387.3850
691351.4052, 5147388.1850
691351.4052, 5147388.1850
691351.4052, 5147388.9850
691351.4052, 5147389.7850
691351.4052, 5147390.5850
691351.4052, 5147391.3850
691351.4052, 5147392.1850
691351.4052, 5147392.9850
691351.4052, 5147393.7850
691351.4052, 5147394.5850
691351.4052, 5147395.3850
691351.4052, 5147396.1850
691351.4052, 5147396.1850
691351.4052, 5147396.9850
691351.4052, 5147397.7850
691351.4052, 5147398.5850
691351.4052, 5147399.3850
691351.4052, 5147400.1850
691351.4052, 5147400.9850
691351.4052, 5147401.7850
691351.4052, 5147402.5850
691351.4052, 5147403.3850
691351.4052, 5147404.1850
691351.4052, 5147404.1850
691351.4052, 5147404.9850
691351.4052, 5147405.7850
691351.4052, 5147406.5850
691351.4052, 5147407.3850
691351.4052, 5147408.1850
691351.4052, 5147408.9850
691351.4052, 5147409.7850
691351.4052, 5147410.5850
691351.4052, 5147411.3850
691351.4052, 5147412.1850
691351.4052, 5147412.1850
691351.4039, 5147412.9837
691351.3945, 5147413.7743
691351.3692, 5147414.5490
691351.3199, 5147415.2997
691351.2385, 5147416.0183
691351.1172, 5147416.6970
691350.9479, 5147417.3277
691350.7225, 5147417.9023
691350.4332, 5147418.4130
691350.0719, 5147418.8517
691350.0719, 5147418.8517
691349.6332, 5147419.2130
691349.1225, 5147419.5023
691348.5479, 5147419.7277
691347.9172, 5147419.8970
691347.2385, 5147420.0183
691346.5199, 5147420.0997
691345.7692, 5147420.1490
691344.9945, 5147420.1743
691344.2039, 5147420.1837
691343.4052, 5147420.1850
691343.4052, 5147420.1850
691342.6052, 5147420.1850
691341.8052, 5147420.1850
691341.0052, 5147420.1850
691340.2052, 5147420.1850
691339.4052, 5147420.1850
691338.6052, 5147420.1850
691337.8052, 5147420.1850
691337.0052, 5147420.1850
691336.2052, 5147420.1850
691335.4052, 5147420.1850
691335.4052, 5147420.1850
691334.6052, 5147420.1850
691333.8052, 5147420.1850
691333.0052, 5147420.1850
691332.2052, 5147420.1850
691331.4052, 5147420.1850
691330.6052, 5147420.1850
691329.8052, 5147420.1850
691329.0052, 5147420.1850
691328.2052, 5147420.1850
691327.4052, 5147420.1850
691327.4052, 5147420.1850
691326.6052, 5147420.1850
691325.8052, 5147420.1850
691325.0052, 5147420.1850
691324.2052, 5147420.1850
691323.4052, 5147420.1850
691322.6052, 5147420.1850
691321.8052, 5147420.1850
691321.0052, 5147420.1850
691320.2052, 5147420.1850
691319.4052, 5147420.1850
691319.4052, 5147420.1850
691318.6052, 5147420.1850
691317.8052, 5147420.1850
691317.0052, 5147420.1850
691316.2052, 5147420.1850
691315.4052, 5147420.1850
691314.6052, 5147420.1850
691313.8052, 5147420.1850
691313.0052, 5147420.1850
691312.2052, 5147420.1850
691311.4052, 5147420.1850
691311.4052, 5147420.1850
691310.6065, 5147420.1837
691309.8159, 5147420.1743
691309.0412, 5147420.1490
691308.2905, 5147420.0997
691307.5719, 5147420.0183
691306.8932, 5147419.8970
691306.2625, 5147419.7277
691305.6879, 5147419.5023
691305.1772, 5147419.2130
691304.7385, 5147418.8517
691304.7385, 5147418.8517
691304.3785, 5147418.4143
691304.0985, 5147417.9130
691303.8985, 5147417.3637
691303.7785, 5147416.7823
691303.7385, 5147416.1850
691303.7785, 5147415.5877
691303.8985, 5147415.0063
691304.0985, 5147414.4570
691304.3785, 5147413.9557
691304.7385, 5147413.5183
691304.7385, 5147413.5183
691305.1759, 5147413.1557
691305.6772, 5147412.8570
691306.2265, 5147412.6063
691306.8079, 5147412.3877
691307.4052, 5147412.1850
691308.0025, 5147411.9823
691308.5839, 5147411.7637
691309.1332, 5147411.5130
691309.6345, 5147411.2143
691310.0719, 5147410.8517
691310.0719, 5147410.8517
691310.4345, 5147410.4157
691310.7332, 5147409.9237
691310.9839, 5147409.3997
691311.2025, 5147408.8677
691311.4052, 5147408.3517
691311.6079, 5147407.8757
691311.8265, 5147407.4637
691312.0772, 5147407.1397
691312.3759, 5147406.9277
691312.7385, 5147406.8517
691312.7385, 5147406.8517
691313.1772, 5147406.9277
691313.6879, 5147407.1397
691314.2625, 5147407.4637
691314.8932, 5147407.8757
691315.5719, 5147408.3517
691316.2905, 5147408.8677
691317.0412, 5147409.3997
691317.8159, 5147409.9237
691318.6065, 5147410.4157
691319.4052, 5147410.8517
691319.4052, 5147410.8517
691320.2052, 5147411.2130
691321.0052, 5147411.5023
691321.8052, 5147411.7277
691322.6052, 5147411.8970
691323.4052, 5147412.0183
691324.2052, 5147412.0997
691325.0052, 5147412.1490
691325.8052, 5147412.1743
691326.6052, 5147412.1837
691327.4052, 5147412.1850
691327.4052, 5147412.1850
691328.2052, 5147412.1850
691329.0052, 5147412.1850
691329.8052, 5147412.1850
691330.6052, 5147412.1850
691331.4052, 5147412.1850
691332.2052, 5147412.1850
691333.0052, 5147412.1850
691333.8052, 5147412.1850
691334.6052, 5147412.1850
691335.4052, 5147412.1850
691335.4052, 5147412.1850
691336.2039, 5147412.1837
691336.9945, 5147412.1743
691337.7692, 5147412.1490
691338.5199, 5147412.0997
691339.2385, 5147412.0183
691339.9172, 5147411.8970
691340.5479, 5147411.7277
691341.1225, 5147411.5023
691341.6332, 5147411.2130
691342.0719, 5147410.8517
691342.0719, 5147410.8517
691342.4332, 5147410.4130
691342.7225, 5147409.9023
691342.9479, 5147409.3277
691343.1172, 5147408.6970
691343.2385, 5147408.0183
691343.3199, 5147407.2997
691343.3692, 5147406.5490
691343.3945, 5147405.7743
691343.4039, 5147404.9837
691343.4052, 5147404.1850
691343.4052, 5147404.1850
691343.4052, 5147403.3850
691343.4052, 5147402.5850
691343.4052, 5147401.7850
691343.4052, 5147400.9850
691343.4052, 5147400.1850
691343.4052, 5147399.3850
691343.4052, 5147398.5850
691343.4052, 5147397.7850
691343.4052, 5147396.9850
691343.4052, 5147396.1850
691343.4052, 5147396.1850
691343.4052, 5147395.3850
691343.4052, 5147394.5850
691343.4052, 5147393.7850
691343.4052, 5147392.9850
691343.4052, 5147392.1850
691343.4052, 5147391.3850
691343.4052, 5147390.5850
691343.4052, 5147389.7850
691343.4052, 5147388.9850
691343.4052, 5147388.1850
691343.4052, 5147388.1850
691343.4052, 5147387.3850
691343.4052, 5147386.5850
691343.4052, 5147385.7850
691343.4052, 5147384.9850
691343.4052, 5147384.1850
691343.4052, 5147383.3850
691343.4052, 5147382.5850
691343.4052, 5147381.7850
691343.4052, 5147380.9850
691343.4052, 5147380.1850
691343.4052, 5147380.1850
691343.4052, 5147379.3850
691343.4052, 5147378.5850
691343.4052, 5147377.7850
691343.4052, 5147376.9850
691343.4052, 5147376.1850
691343.4052, 5147375.3850
691343.4052, 5147374.5850
691343.4052, 5147373.7850
691343.4052, 5147372.9850
691343.4052, 5147372.1850
691343.4052, 5147372.1850
691343.4052, 5147371.3850
691343.4052, 5147370.5850
691343.4052, 5147369.7850
691343.4052, 5147368.9850
691343.4052, 5147368.1850
691343.4052, 5147367.3850
691343.4052, 5147366.5850
691343.4052, 5147365.7850
691343.4052, 5147364.9850
691343.4052, 5147364.1850
691343.4052, 5147364.1850
691343.4052, 5147363.3850
691343.4052, 5147362.5850
691343.4052, 5147361.7850
691343.4052, 5147360.9850
691343.4052, 5147360.1850
691343.4052, 5147359.3850
691343.4052, 5147358.5850
691343.4052, 5147357.7850
691343.4052, 5147356.9850
691343.4052, 5147356.1850
691343.4052, 5147356.1850
691343.4039, 5147355.3863
691343.3945, 5147354.5957
691343.3692, 5147353.8210
691343.3199, 5147353.0703
691343.2385, 5147352.3517
691343.1172, 5147351.6730
691342.9479, 5147351.0423
691342.7225, 5147350.4677
691342.4332, 5147349.9570
691342.0719, 5147349.5183
691342.0719, 5147349.5183
691341.6332, 5147349.1570
691341.1225, 5147348.8677
691340.5479, 5147348.6423
691339.9172, 5147348.4730
691339.2385, 5147348.3517
691338.5199, 5147348.2703
691337.7692, 5147348.2210
691336.9945, 5147348.1957
691336.2039, 5147348.1863
691335.4052, 5147348.1850
691335.4052, 5147348.1850
691334.6052, 5147348.1850
691333.8052, 5147348.1850
691333.0052, 5147348.1850
691332.2052, 5147348.1850
691331.4052, 5147348.1850
691330.6052, 5147348.1850
691329.8052, 5147348.1850
691329.0052, 5147348.1850
691328.2052, 5147348.1850
691327.4052, 5147348.1850
691327.4052, 5147348.1850
691326.6052, 5147348.1850
691325.8052, 5147348.1850
691325.0052, 5147348.1850
691324.2052, 5147348.1850
691323.4052, 5147348.1850
691322.6052, 5147348.1850
691321.8052, 5147348.1850
691321.0052, 5147348.1850
691320.2052, 5147348.1850
691319.4052, 5147348.1850
691319.4052, 5147348.1850
691318.6052, 5147348.1850
691317.8052, 5147348.1850
691317.0052, 5147348.1850
691316.2052, 5147348.1850
691315.4052, 5147348.1850
691314.6052, 5147348.1850
691313.8052, 5147348.1850
691313.0052, 5147348.1850
691312.2052, 5147348.1850
691311.4052, 5147348.1850
691311.4052, 5147348.1850
691310.6052, 5147348.1850
691309.8052, 5147348.1850
691309.0052, 5147348.1850
691308.2052, 5147348.1850
691307.4052, 5147348.1850
691306.6052, 5147348.1850
691305.8052, 5147348.1850
691305.0052, 5147348.1850
691304.2052, 5147348.1850
691303.4052, 5147348.1850
691303.4052, 5147348.1850
691302.6052, 5147348.1850
691301.8052, 5147348.1850
691301.0052, 5147348.1850
691300.2052, 5147348.1850
691299.4052, 5147348.1850
691298.6052, 5147348.1850
691297.8052, 5147348.1850
691297.0052, 5147348.1850
691296.2052, 5147348.1850
691295.4052, 5147348.1850
691295.4052, 5147348.1850
691294.6065, 5147348.1863
691293.8159, 5147348.1957
691293.0412, 5147348.2210
691292.2905, 5147348.2703
691291.5719, 5147348.3517
691290.8932, 5147348.4730
691290.2625, 5147348.6423
691289.6879, 5147348.8677
691289.1772, 5147349.1570
691288.7385, 5147349.5183
691288.7385, 5147349.5183
691288.3785, 5147349.9557
691288.0985, 5147350.4570
691287.8985, 5147351.0063
691287.7785, 5147351.5877
691287.7385, 5147352.1850
691287.7785, 5147352.7823
691287.8985, 5147353.3637
691288.0985, 5147353.9130
691288.3785, 5147354.4143
691288.7385, 5147354.8517
691288.7385, 5147354.8517
691289.1772, 5147355.2130
691289.6879, 5147355.5023
691290.2625, 5147355.7277
691290.8932, 5147355.8970
691291.5719, 5147356.0183
691292.2905, 5147356.0997
691293.0412, 5147356.1490
691293.8159, 5147356.1743
691294.6065, 5147356.1837
691295.4052, 5147356.1850
691295.4052, 5147356.1850
691296.2052, 5147356.1850
691297.0052, 5147356.1850
691297.8052, 5147356.1850
691298.6052, 5147356.1850
691299.4052, 5147356.1850
691300.2052, 5147356.1850
691301.0052, 5147356.1850
691301.8052, 5147356.1850
691302.6052, 5147356.1850
691303.4052, 5147356.1850
691303.4052, 5147356.1850
691304.2052, 5147356.1850
691305.0052, 5147356.1850
691305.8052, 5147356.1850
691306.6052, 5147356.1850
691307.4052, 5147356.1850
691308.2052, 5147356.1850
691309.0052, 5147356.1850
691309.8052, 5147356.1850
691310.6052, 5147356.1850
691311.4052, 5147356.1850
691311.4052, 5147356.1850
691312.2052, 5147356.1850
691313.0052, 5147356.1850
691313.8052, 5147356.1850
691314.6052, 5147356.1850
691315.4052, 5147356.1850
691316.2052, 5147356.1850
691317.0052, 5147356.1850
691317.8052, 5147356.1850
691318.6052, 5147356.1850
691319.4052, 5147356.1850
691319.4052, 5147356.1850
691320.2052, 5147356.1850
691321.0052, 5147356.1850
691321.8052, 5147356.1850
691322.6052, 5147356.1850
691323.4052, 5147356.1850
691324.2052, 5147356.1850
691325.0052, 5147356.1850
691325.8052, 5147356.1850
691326.6052, 5147356.1850
691327.4052, 5147356.1850
691327.4052, 5147356.1850
691328.2039, 5147356.1863
691328.9945, 5147356.1957
691329.7692, 5147356.2210
691330.5199, 5147356.2703
691331.2385, 5147356.3517
691331.9172, 5147356.4730
691332.5479, 5147356.6423
691333.1225, 5147356.8677
691333.6332, 5147357.1570
691334.0719, 5147357.5183
691334.0719, 5147357.5183
691334.4332, 5147357.9570
691334.7225, 5147358.4677
691334.9479, 5147359.0423
691335.1172, 5147359.6730
691335.2385, 5147360.3517
691335.3199, 5147361.0703
691335.3692, 5147361.8210
691335.3945, 5147362.5957
691335.4039, 5147363.3863
691335.4052, 5147364.1850
691335.4052, 5147364.1850
691335.4052, 5147364.9850
691335.4052, 5147365.7850
691335.4052, 5147366.5850
691335.4052, 5147367.3850
691335.4052, 5147368.1850
691335.4052, 5147368.9850
691335.4052, 5147369.7850
691335.4052, 5147370.5850
691335.4052, 5147371.3850
691335.4052, 5147372.1850
691335.4052, 5147372.1850
691335.4052, 5147372.9850
691335.4052, 5147373.7850
691335.4052, 5147374.5850
691335.4052, 5147375.3850
691335.4052, 5147376.1850
691335.4052, 5147376.9850
691335.4052, 5147377.7850
691335.4052, 5147378.5850
691335.4052, 5147379.3850
691335.4052, 5147380.1850
691335.4052, 5147380.1850
691335.4052, 5147380.9850
691335.4052, 5147381.7850
691335.4052, 5147382.5850
691335.4052, 5147383.3850
691335.4052, 5147384.1850
691335.4052, 5147384.9850
691335.4052, 5147385.7850
691335.4052, 5147386.5850
691335.4052, 5147387.3850
691335.4052, 5147388.1850
691335.4052, 5147388.1850
691335.4052, 5147388.9850
691335.4052, 5147389.7850
691335.4052, 5147390.5850
691335.4052, 5147391.3850
691335.4052, 5147392.1850
691335.4052, 5147392.9850
691335.4052, 5147393.7850
691335.4052, 5147394.5850
691335.4052, 5147395.3850
691335.4052, 5147396.1850
691335.4052, 5147396.1850
691335.4039, 5147396.9837
691335.3945, 5147397.7743
691335.3692, 5147398.5490
691335.3199, 5147399.2997
691335.2385, 5147400.0183
691335.1172, 5147400.6970
691334.9479, 5147401.3277
691334.7225, 5147401.9023
691334.4332, 5147402.4130
691334.0719, 5147402.8517
691334.0719, 5147402.8517
691333.6332, 5147403.2130
691333.1225, 5147403.5023
691332.5479, 5147403.7277
691331.9172, 5147403.8970
691331.2385, 5147404.0183
691330.5199, 5147404.0997
691329.7692, 5147404.1490
691328.9945, 5147404.1743
691328.2039, 5147404.1837
691327.4052, 5147404.1850
691327.4052, 5147404.1850
691326.6079, 5147404.1837
691325.8265, 5147404.1743
691325.0772, 5147404.1490
691324.3759, 5147404.0997
691323.7385, 5147404.0183
691323.1812, 5147403.8970
691322.7199, 5147403.7277
691322.3705, 5147403.5023
691322.1492, 5147403.2130
691322.0719, 5147402.8517
691322.0719, 5147402.8517
691322.1479, 5147402.4130
691322.3599, 5147401.9023
691322.6839, 5147401.3277
691323.0959, 5147400.6970
691323.5719, 5147400.0183
691324.0879, 5147399.2997
691324.6199, 5147398.5490
691325.1439, 5147397.7743
691325.6359, 5147396.9837
691326.0719, 5147396.1850
691326.0719, 5147396.1850
691326.4332, 5147395.3850
691326.7225, 5147394.5850
691326.9479, 5147393.7850
691327.1172, 5147392.9850
691327.2385, 5147392.1850
691327.3199, 5147391.3850
691327.3692, 5147390.5850
691327.3945, 5147389.7850
691327.4039, 5147388.9850
691327.4052, 5147388.1850
691327.4052, 5147388.1850
691327.4052, 5147387.3850
691327.4052, 5147386.5850
691327.4052, 5147385.7850
691327.4052, 5147384.9850
691327.4052, 5147384.1850
691327.4052, 5147383.3850
691327.4052, 5147382.5850
691327.4052, 5147381.7850
691327.4052, 5147380.9850
691327.4052, 5147380.1850
691327.4052, 5147380.1850
691327.4052, 5147379.3850
691327.4052, 5147378.5850
691327.4052, 5147377.7850
691327.4052, 5147376.9850
691327.4052, 5147376.1850
691327.4052, 5147375.3850
691327.4052, 5147374.5850
691327.4052, 5147373.7850
691327.4052, 5147372.9850
691327.4052, 5147372.1850
691327.4052, 5147372.1850
691327.4039, 5147371.3863
691327.3945, 5147370.5957
691327.3692, 5147369.8210
691327.3199, 5147369.0703
691327.2385, 5147368.3517
691327.1172, 5147367.6730
691326.9479, 5147367.0423
691326.7225, 5147366.4677
691326.4332, 5147365.9570
691326.0719, 5147365.5183
691326.0719, 5147365.5183
691325.6332, 5147365.1570
691325.1225, 5147364.8677
691324.5479, 5147364.6423
691323.9172, 5147364.4730
691323.2385, 5147364.3517
691322.5199, 5147364.2703
691321.7692, 5147364.2210
691320.9945, 5147364.1957
691320.2039, 5147364.1863
691319.4052, 5147364.1850
691319.4052, 5147364.1850
691318.6052, 5147364.1850
691317.8052, 5147364.1850
691317.0052, 5147364.1850
691316.2052, 5147364.1850
691315.4052, 5147364.1850
691314.6052, 5147364.1850
691313.8052, 5147364.1850
691313.0052, 5147364.1850
691312.2052, 5147364.1850
691311.4052, 5147364.1850
691311.4052, 5147364.1850
691310.6052, 5147364.1850
691309.8052, 5147364.1850
691309.0052, 5147364.1850
691308.2052, 5147364.1850
691307.4052, 5147364.1850
691306.6052, 5147364.1850
691305.8052, 5147364.1850
691305.0052, 5147364.1850
691304.2052, 5147364.1850
691303.4052, 5147364.1850
691303.4052, 5147364.1850
691302.6052, 5147364.1850
691301.8052, 5147364.1850
691301.0052, 5147364.1850
691300.2052, 5147364.1850
691299.4052, 5147364.1850
691298.6052, 5147364.1850
691297.8052, 5147364.1850
691297.0052, 5147364.1850
691296.2052, 5147364.1850
691295.4052, 5147364.1850
691295.4052, 5147364.1850
691294.6065, 5147364.1863
691293.8159, 5147364.1957
691293.0412, 5147364.2210
691292.2905, 5147364.2703
691291.5719, 5147364.3517
691290.8932, 5147364.4730
691290.2625, 5147364.6423
691289.6879, 5147364.8677
691289.1772, 5147365.1570
691288.7385, 5147365.5183
691288.7385, 5147365.5183
691288.3785, 5147365.9557
691288.0985, 5147366.4570
691287.8985, 5147367.0063
691287.7785, 5147367.5877
691287.7385, 5147368.1850
691287.7785, 5147368.7823
691287.8985, 5147369.3637
691288.0985, 5147369.9130
691288.3785, 5147370.4143
691288.7385, 5147370.8517
691288.7385, 5147370.8517
691289.1772, 5147371.2130
691289.6879, 5147371.5023
691290.2625, 5147371.7277
691290.8932, 5147371.8970
691291.5719, 5147372.0183
691292.2905, 5147372.0997
691293.0412, 5147372.1490
691293.8159, 5147372.1743
691294.6065, 5147372.1837
691295.4052, 5147372.1850
691295.4052, 5147372.1850
691296.2052, 5147372.1850
691297.0052, 5147372.1850
691297.8052, 5147372.1850
691298.6052, 5147372.1850
691299.4052, 5147372.1850
691300.2052, 5147372.1850
691301.0052, 5147372.1850
691301.8052, 5147372.1850
691302.6052, 5147372.1850
691303.4052, 5147372.1850
691303.4052, 5147372.1850
691304.2052, 5147372.1850
691305.0052, 5147372.1850
691305.8052, 5147372.1850
691306.6052, 5147372.1850
691307.4052, 5147372.1850
691308.2052, 5147372.1850
691309.0052, 5147372.1850
691309.8052, 5147372.1850
691310.6052, 5147372.1850
691311.4052, 5147372.1850
691311.4052, 5147372.1850
691312.2039, 5147372.1863
691312.9945, 5147372.1957
691313.7692, 5147372.2210
691314.5199, 5147372.2703
691315.2385, 5147372.3517
691315.9172, 5147372.4730
691316.5479, 5147372.6423
691317.1225, 5147372.8677
691317.6332, 5147373.1570
691318.0719, 5147373.5183
691318.0719, 5147373.5183
691318.4319, 5147373.9557
691318.7119, 5147374.4570
691318.9119, 5147375.0063
691319.0319, 5147375.5877
691319.0719, 5147376.1850
691319.0319, 5147376.7823
691318.9119, 5147377.3637
691318.7119, 5147377.9130
691318.4319, 5147378.4143
691318.0719, 5147378.8517
691318.0719, 5147378.8517
691317.6332, 5147379.2130
691317.1225, 5147379.5023
691316.5479, 5147379.7277
691315.9172, 5147379.8970
691315.2385, 5147380.0183
691314.5199, 5147380.0997
691313.7692, 5147380.1490
691312.9945, 5147380.1743
691312.2039, 5147380.1837
691311.4052, 5147380.1850
691311.4052, 5147380.1850
691310.6052, 5147380.1850
691309.8052, 5147380.1850
691309.0052, 5147380.1850
691308.2052, 5147380.1850
691307.4052, 5147380.1850
691306.6052, 5147380.1850
691305.8052, 5147380.1850
691305.0052, 5147380.1850
691304.2052, 5147380.1850
691303.4052, 5147380.1850
691303.4052, 5147380.1850
691302.6052, 5147380.1850
691301.8052, 5147380.1850
691301.0052, 5147380.1850
691300.2052, 5147380.1850
691299.4052, 5147380.1850
691298.6052, 5147380.1850
691297.8052, 5147380.1850
691297.0052, 5147380.1850
691296.2052, 5147380.1850
691295.4052, 5147380.1850
691295.4052, 5147380.1850
691294.6065, 5147380.1850
691293.8159, 5147380.1850
691293.0412, 5147380.1850
691292.2905, 5147380.1850
691291.5719, 5147380.1850
691290.8932, 5147380.1850
691290.2625, 5147380.1850
691289.6879, 5147380.1850
691289.1772, 5147380.1850
691288.7385, 5147380.1850
691288.7385, 5147380.1850
691288.3772, 5147380.1850
691288.0879, 5147380.1850
691287.8625, 5147380.1850
691287.6932, 5147380.1850
691287.5719, 5147380.1850
691287.4905, 5147380.1850
691287.4412, 5147380.1850
691287.4159, 5147380.1850
691287.4065, 5147380.1850
691287.4052, 5147380.1850
691287.4052, 5147380.1850
691287.4065, 5147380.1857
691287.4153, 5147380.1902
691287.4394, 5147380.2026
691287.4863, 5147380.2268
691287.5636, 5147380.2666
691287.6790, 5147380.3260
691287.8399, 5147380.4089
691288.0541, 5147380.5192
691288.3292, 5147380.6608
691288.6727, 5147380.8377
691288.6727, 5147380.8377
691289.0884, 5147381.0518
691289.5649, 5147381.2972
691290.0871, 5147381.5661
691290.6398, 5147381.8506
691291.2076, 5147382.1430
691291.7754, 5147382.4354
691292.3280, 5147382.7200
691292.8502, 5147382.9889
691293.3268, 5147383.2343
691293.7425, 5147383.4484
691293.7425, 5147383.4484
691294.0860, 5147383.6252
691294.3610, 5147383.7669
691294.5752, 5147383.8772
691294.7362, 5147383.9601
691294.8515, 5147384.0195
691294.9288, 5147384.0593
691294.9757, 5147384.0834
691294.9998, 5147384.0958
691295.0087, 5147384.1004
691295.0099, 5147384.1010
691295.0099, 5147384.1010
691295.0099, 5147384.1010
691295.0099, 5147384.1010
691295.0099, 5147384.1010
691295.0099, 5147384.1010
691295.0099, 5147384.1010
691295.0099, 5147384.1010
691295.0099, 5147384.1010
691295.0099, 5147384.1010
691295.0099, 5147384.1010
691295.0099, 5147384.1010
