0, 0, 0, 0, 0, 0, 0, 0, 0, 0, 0, 0, 0, 0, 0, 0, 0, 0, 0, 0, 0, 0, 0, 0, 0, 0, 0, 0, 0, 0, 0 
0, 0, 0, 0, 0, 0, 0, 0, 0, 0, 0, 0, 0, 0, 0, 0, 0, 0, 0, 0, 0, 0, 0, 0, 0, 0, 0, 0, 0, 0, 0 
0, 0, 0, 0, 0, 0, 0, 0, 0, 0, 0, 0, 0, 0, 0, 1211.83, 1205.22, 1200.79, 0, 0, 0, 0, 0, 0, 0, 0, 0, 0, 0, 0, 0 
0, 0, 0, 0, 0, 0, 0, 0, 0, 0, 0, 0, 0, 0, 1216.64, 1213, 1206.18, 1201.82, 0, 0, 0, 0, 0, 0, 0, 0, 0, 0, 0, 0, 0 
0, 0, 0, 0, 0, 0, 0, 0, 0, 0, 0, 0, 0, 0, 1217.9, 1214.01, 1207.14, 1202.79, 0, 0, 0, 0, 0, 0, 0, 0, 0, 0, 0, 0, 0 
0, 0, 0, 0, 0, 0, 0, 0, 0, 0, 0, 0, 0, 0, 1218.84, 1214.94, 1207.99, 1203.93, 1201.03, 0, 0, 0, 0, 0, 0, 0, 0, 0, 0, 0, 0 
0, 0, 0, 0, 0, 0, 0, 0, 0, 0, 0, 0, 0, 0, 1219.64, 1215.52, 1208.48, 1204.63, 1201.94, 0, 0, 0, 0, 0, 0, 0, 0, 0, 0, 0, 0 
0, 0, 0, 0, 0, 0, 0, 0, 0, 0, 0, 0, 0, 0, 1220.07, 1215.78, 1208.97, 1205.13, 1202.39, 0, 0, 0, 0, 0, 0, 0, 0, 0, 0, 0, 0 
0, 0, 0, 0, 0, 0, 0, 0, 0, 0, 0, 0, 0, 0, 1220.95, 1216.06, 1209.34, 1205.66, 1202.94, 0, 0, 0, 0, 0, 0, 0, 0, 0, 0, 0, 0 
0, 0, 0, 0, 0, 0, 0, 0, 0, 1233.82, 1231.98, 0, 0, 0, 0, 1216.19, 1209.39, 1206.03, 1203.44, 0, 0, 0, 0, 0, 0, 0, 0, 0, 0, 0, 0 
0, 0, 0, 0, 0, 0, 0, 0, 1233.67, 1231.35, 1229.96, 1228.38, 1226.23, 0, 0, 1215.91, 1209.37, 1206.31, 1204.16, 0, 0, 0, 0, 0, 0, 0, 0, 0, 0, 0, 0 
0, 0, 0, 0, 0, 0, 0, 1236.06, 1233.4, 1230.76, 1228.8, 1227.21, 1225.12, 1222.06, 1218.79, 1214.87, 1209.27, 1206.51, 1204.84, 0, 0, 0, 0, 0, 0, 0, 0, 0, 0, 0, 0 
0, 0, 0, 0, 0, 1239.21, 1237.91, 1235.82, 1233.6, 1230.66, 1228.44, 1226.6, 1224.22, 1220.79, 1217.58, 1214.44, 1209.3, 1206.36, 1204.41, 0, 0, 0, 0, 0, 0, 0, 0 0, 0, 0, 0 
0, 0, 0, 0, 0, 1239.84, 1238.02, 1236, 1233.67, 1230.59, 1227.83, 1226.16, 1224.5, 1220.8, 1218.17, 1214.56, 1209.48, 1205.91, 1202.96, 1200.17, 0, 0, 0, 0, 0, 0 0, 0, 0, 0, 0 
0, 0, 0, 0, 0, 1240.28, 1238.28, 1236.41, 1233.5, 1230.43, 1227.41, 1225.69, 1224.35, 1219.94, 1217.34, 1214.68, 1210.3, 1206.07, 1202.92, 1199.55, 1197.34, 0, 0 0, 0, 0, 0, 0, 0, 0, 0 
0, 0, 0, 0, 0, 1240.83, 1238.45, 1236.65, 1233.39, 1230.09, 1227.29, 1225.5, 1224.08, 1219.54, 1216.77, 1214.64, 1210.86, 1206.16, 1203.78, 1200.08, 1197.46 1195.55, 0, 0, 0, 0, 0, 0, 0, 0, 0 
0, 0, 0, 0, 0, 0, 1238.7, 1236.19, 1233.05, 1229.58, 1226.84, 1225.52, 1223.91, 1219.76, 1216.49, 1214.41, 1210.49, 1205.91, 1204, 1201.23, 1198.17, 1197.03 1194.34, 1193.49, 0, 0, 0, 0, 0, 0, 0 
0, 0, 0, 0, 0, 0, 1238.55, 1235.39, 1232.38, 1229.31, 1226.6, 1225.49, 1223.73, 1219.83, 1216.55, 1214.27, 1210.48, 1206.16, 1204.39, 1202.94, 1200.33, 1198.82 1196.59, 1195.06, 1194.61, 0, 0, 0, 0, 0, 0 
0, 0, 0, 0, 0, 1240.37, 1237.7, 1234.68, 1231.34, 1228.91, 1226.27, 1225.4, 1223.46, 1219.79, 1216.42, 1213.97, 1210.73, 1207.39, 1205.38, 1204.04, 1202.02, 1200 1197.98, 1197.08, 1196.37, 1197.37, 1198.32, 0, 0, 0, 0 
0, 0, 0, 1242.49, 1240.86, 1238.7, 1236.35, 1233.87, 1230.47, 1228.39, 1226.11, 1225.4, 1223.23, 1219.63, 1216.89, 1214.21, 1211.99, 1209.47, 1207.25, 1205.1 1203.01, 1201.52, 1199.32, 1198.81, 1198.72, 1198.8, 1199.41, 1201.07, 1202.51, 1204.52, 0 
0, 0, 1242.95, 1242.3, 1240.39, 1237.64, 1235.64, 1233.34, 1230.05, 1228.09, 1226.05, 1225.45, 1223.08, 1219.7, 1217.66, 1214.83, 1213.24, 1211.16, 1209.44 1206.66, 1203.88, 1202.41, 1201.43, 1201.02, 1200.98, 1201.11, 1201.75, 1203.21, 1204.48, 1209.28, 0 
0, 1243.37, 1242.57, 1242.21, 1240.07, 1237.07, 1235.54, 1232.72, 1229.77, 1227.84, 1226.04, 1225.52, 1223.04, 1219.79, 1218.23, 1215.12, 1213.9, 1212.95, 1210.89 1208.9, 1205.88, 1204.48, 1203.6, 1202.73, 1202.69, 1203.23, 1204.06, 1205.69, 1207.75, 1212.91, 0 
0, 1242.93, 1242.52, 1241.71, 1239.53, 1237, 1235.18, 1232.28, 1229.59, 1227.41, 1226.06, 1225.58, 1222.88, 1219.86, 1218.76, 1216.24, 1214.89, 1213.52, 1211.6 1210.13, 1207.46, 1206.05, 1205.75, 1205.55, 1205.5, 1206.11, 1206.85, 1208.54, 1212.05, 0, 0 
0, 1242.92, 1242.08, 1240.98, 1239.14, 0, 0, 1232.06, 1229.26, 1227.15, 1225.79, 1224.81, 1221.96, 1219.9, 1219.49, 1217.93, 1216.38, 1214.41, 1212.66, 1211.28 1209.14, 1207.79, 1207.69, 1207.97, 1208.55, 1209.82, 1210.68, 1212.06, 1215.48, 0, 0 
0, 1243.07, 1241.59, 1240.35, 0, 0, 0, 0, 1229.04, 1227.08, 1224.75, 1223.17, 1221.14, 1220.31, 1220.1, 1219.42, 1218.21, 1216.83, 1214.76, 1212.99, 1211.75 1211.25, 1211.2, 1211.48, 1212.05, 1212.78, 1213.78, 1215.44, 1218.43, 0, 0 
0, 0, 1241.07, 0, 0, 0, 0, 0, 0, 1227.53, 1225.57, 1223.74, 1222.3, 1221.35, 1220.69, 1220.39, 1219.88, 1219.27, 1218.1, 1215.63, 1214.46, 1213.93, 1213.97 1214.32, 1214.49, 1214.68, 1216.08, 1217.9, 1221.36, 0, 0 
0, 0, 0, 0, 0, 0, 0, 0, 0, 0, 1226.58, 1224.84, 1223.89, 1222.94, 1222.09, 1221.8, 1221.68, 1221.15, 1220.51, 1219.29, 1217.88, 1217.02, 1216.77, 1216.54, 1216.88 1217.8, 1219, 1222.23, 1226.18, 0, 0 
0, 0, 0, 0, 0, 0, 0, 0, 0, 0, 0, 1226.9, 1226.04, 1224.9, 1224.38, 1223.97, 1224.44, 1224.52, 1224.05, 1223.24, 1222.06, 1220.97, 1220.42, 1220.32, 1220.73 1221.78, 1223.96, 1228.11, 1230.46, 0, 0 
0, 0, 0, 0, 0, 0, 0, 0, 0, 0, 0, 0, 1229.03, 1228.14, 1227.85, 1227.49, 1227.44, 1227.05, 1226.89, 1226.3, 1225.11, 1223.83, 1223.3, 1223.42, 1223.97, 1225.19 1228.8, 1234.03, 0, 0, 0 
0, 0, 0, 0, 0, 0, 0, 0, 0, 0, 0, 0, 1231.69, 1231.24, 1231.34, 1230.97, 1230.8, 1230.75, 1230.49, 1230.11, 1228.51, 1226.97, 1227, 1227.08, 1227.45, 1231.32 1236.46, 0, 0, 0, 0 
0, 0, 0, 0, 0, 0, 0, 0, 0, 0, 0, 0, 0, 1235.73, 1235.31, 1235.12, 1234.84, 1234.57, 1234.25, 1233.78, 1233.02, 1232.23, 1232.1, 1232.45, 1235.17, 1238.19, 0, 0, 0 0, 0 
0, 0, 0, 0, 0, 0, 0, 0, 0, 0, 0, 0, 0, 1239.46, 1238.99, 1238.93, 1238.75, 1238.53, 1238.2, 1237.7, 1237.78, 1237.97, 1237.38, 1238.6, 1240.42, 0, 0, 0, 0, 0, 0 
0, 0, 0, 0, 0, 0, 0, 0, 0, 0, 0, 0, 0, 1242.02, 1241.67, 1241.43, 1241.09, 1240.67, 1240.3, 1239.9, 1240.92, 1241.98, 1241.22, 1242.2, 0, 0, 0, 0, 0, 0, 0 
0, 0, 0, 0, 0, 0, 0, 0, 0, 0, 0, 0, 0, 1243.04, 1242.8, 1242.94, 1242.98, 1242.68, 1242.33, 1241.99, 1242.51, 1243.14, 0, 0, 0, 0, 0, 0, 0, 0, 0 
0, 0, 0, 0, 0, 0, 0, 0, 0, 0, 0, 0, 0, 1245, 1244.52, 1244.5, 1244.05, 1243.61, 1243.57, 1243.56, 1243.8, 0, 0, 0, 0, 0, 0, 0, 0, 0, 0 
0, 0, 0, 0, 0, 0, 0, 0, 0, 0, 0, 0, 0, 1251.37, 1250.85, 0, 0, 0, 0, 0, 0, 0, 0, 0, 0, 0, 0, 0, 0, 0, 0 
0, 0, 0, 0, 0, 0, 0, 0, 0, 0, 0, 0, 0, 0, 0, 0, 0, 0, 0, 0, 0, 0, 0, 0, 0, 0, 0, 0, 0, 0, 0
